120.877 113.396 -86.781 -5.58862 -10.652
143.091 159.815 -85.6599 -6.43366 -9.92218
629.774 179.535 39.3326 2.99025 -72.3847
649.908 190.64 -86.4383 11.9636 -6.65285
655.576 190.765 -86.1913 12.0929 -6.77601
658.233 180.539 -85.9995 12.1427 -7.0534
94.4678 199.615 -86.9763 -7.07439 -8.02222
621.797 193.184 -84.7558 11.1865 -7.49763
624.379 193.938 -84.2334 11.2076 -7.73786
650.676 206.283 34.8128 9.45795 -62.8276
811.013 206.856 -90.3641 14.3193 -4.30483
125.215 223.324 -86.7551 -5.94978 -7.26203
648.042 209.604 -84.9866 11.9428 -6.91825
677.214 214.255 -87.7979 12.5959 -5.47002
629.594 234.415 -84.0768 11.4683 -6.68459
649.59 230.449 -85.9911 12.0522 -5.96844
138.079 252.382 -86.5375 -5.82362 -6.39447
137.553 255.079 -86.5755 -5.77889 -6.27493
221.541 252.435 -83.3156 -5.71301 -7.55657
590.831 245.567 4.37426 -1.81687 -41.3385
641.477 244.388 -17.6345 10.1343 -32.1297
144.999 263.539 -86.382 -5.75345 -6.06553
176.235 260.288 -85.0628 -6.09788 -6.67269
229.085 264.365 -83.6287 -4.95089 -6.92677
255.96 266.562 -80.759 -6.70558 -7.91797
273.821 267.569 -80.5566 -5.80689 -7.89195
294.216 264.821 -78.9342 -6.06612 -8.66109
584.388 257.002 -88.4409 10.8391 -4.52512
583.677 272.024 -8.73064 -1.01208 -31.3074
601.405 258.582 -82.0018 10.458 -6.84429
638.848 260.999 -84.9885 11.831 -5.61932
631.042 269.586 -84.8488 11.6212 -5.48363
653.117 268.497 -86.0747 12.2396 -5.04016
789.87 270.185 -89.5402 14.3933 -3.74595
183.432 276.489 -84.9553 -5.82603 -6.05956
193.357 282.363 -85.3838 -4.61967 -5.63494
244.089 278.605 -83.782 -3.99586 -6.27879
253.805 274.636 -80.7002 -6.87482 -7.55091
254.326 278.367 -80.9711 -6.57907 -7.33003
243.441 281.953 -83.9088 -3.90223 -6.11343
250.915 281.866 -83.7356 -3.70647 -6.15277
248.938 283.98 -83.8859 -3.6183 -6.01504
295.995 276.998 -80.1579 -4.79981 -7.55245
364.004 284.085 -64.8159 -12.2046 -12.2826
376.291 287.06 -64.8559 -10.9322 -11.9088
399.751 288.066 -63.8257 -9.18496 -12.095
401.86 285.814 -63.059 -9.43476 -12.5325
572.842 287.768 -77.3979 8.7242 -7.33089
579.677 284.433 -77.2548 9.01768 -7.51713
589.705 281.629 -79.7125 9.80064 -6.81669
605.587 278.463 -82.7495 10.7382 -5.94517
595.021 284.54 -80.6032 10.1029 -6.46044
10.2629 299.913 -91.9547 -1.39676 -3.12477
28.2848 299.666 -92.0341 -0.552953 -3.07192
121.264 296.284 -88.4324 -3.71985 -4.26688
175.419 290.257 -86.0835 -4.68313 -5.16278
178.944 290.766 -85.8715 -4.87347 -5.23639
179.312 293.434 -86.0287 -4.60347 -5.07353
184.837 303.609 -85.8892 -4.56082 -4.7521
192.518 292.49 -85.7002 -4.38366 -5.20179
259.761 291.594 -83.6061 -3.37598 -5.79963
273.445 289.609 -80.3187 -6.09564 -6.94188
289.307 291.404 -79.8243 -5.58642 -6.99428
294.574 295.785 -80.211 -4.9359 -6.745
289.099 302.7 -79.5771 -5.95534 -6.59395
307.244 295.236 -80.046 -4.27625 -6.67534
315.081 295.355 -80.0027 -3.7817 -6.66447
312.383 296.773 -79.9934 -3.95993 -6.61416
315.012 298.446 -79.682 -4.05726 -6.65186
320.064 300.787 -77.7515 -5.44276 -7.08958
350.009 300.524 -65.9618 -12.8367 -10.5589
360.537 288.105 -65.419 -12.1074 -11.6962
366.757 288.426 -65.1855 -11.6252 -11.7399
404.962 288.427 -63.6243 -8.7433 -12.1092
413.736 292.026 -63.0028 -8.19879 -12.0041
415.776 290.201 -62.4445 -8.32362 -12.2765
577.762 293.141 -78.0688 9.07161 -6.88758
583.65 301.096 -78.1981 9.42652 -6.48876
594.399 291.055 -80.7403 10.1536 -6.14853
597.041 292.035 -28.5936 4.19113 -21.5932
608.393 294.882 -95.4121 12.0507 -1.7287
646.201 293.819 -86.0201 12.1461 -4.46219
668.337 288.557 -87.2666 12.6205 -4.19744
665.871 295.208 -87.1008 12.592 -4.10959
667.503 301.407 -87.2821 12.6294 -3.92008
769.52 295.651 -89.8466 14.0884 -3.26134
93.7422 315.706 -90.1381 -1.98677 -3.24066
120.889 314.255 -89.1071 -2.65823 -3.54179
153.602 306.723 -86.7813 -4.88417 -4.41612
153.846 317.009 -87.1969 -4.27472 -3.93902
166.609 308.434 -86.2343 -5.0512 -4.51082
163.896 315.588 -86.5732 -4.69546 -4.15446
186.611 309.12 -85.9446 -4.40582 -4.52508
211.103 312.71 -84.7122 -4.77467 -4.72399
214.476 316.382 -84.672 -4.67376 -4.59057
247.168 312.126 -84.0297 -3.6397 -4.83572
257.021 309.601 -83.7152 -3.47205 -5.06738
257.657 313.902 -83.6614 -3.49406 -4.89584
291.876 312.396 -79.7671 -5.5486 -5.98451
310.451 318.058 -66.4819 -16.6501 -9.14404
325.829 308.241 -77.5988 -5.28803 -6.72692
355.238 308.354 -65.741 -12.4168 -9.9996
356.225 311.344 -65.7209 -12.3647 -9.66487
359.895 308.91 -65.5651 -12.0757 -9.91987
374.948 309.732 -64.8592 -10.9853 -10.0225
400.111 310.297 -63.834 -9.12638 -10.2419
407.696 311.466 -64.5189 -7.96014 -9.90534
416.378 315.328 -62.7857 -8.00985 -9.99098
418.253 320.227 -61.7485 -8.48341 -9.86908
586.447 309.8 -78.6494 9.62666 -6.02486
587.395 313.004 -79.4426 9.78901 -5.69387
650.159 307.049 -85.5853 12.2664 -4.26122
641.788 317.688 -85.4204 12.0837 -4.02729
654.778 319.991 -86.7184 12.3887 -3.65981
123.766 326.112 -89.1682 -2.52123 -3.19524
156.67 326.641 -87.6204 -3.54609 -3.53528
190.98 322.946 -85.773 -4.46706 -4.06988
190.311 330.073 -85.791 -4.5523 -3.82448
193.072 320.856 -85.5221 -4.6671 -4.21276
205.12 331.3 -85.0785 -4.70779 -3.93624
220.84 324.439 -84.4522 -4.6255 -4.33952
226.55 323.108 -84.1647 -4.65889 -4.44351
237.674 331.935 -84.1007 -4.1363 -4.11988
258.093 330.579 -83.8346 -3.32423 -4.19902
261.841 330.485 -83.3898 -3.61917 -4.29887
279.012 326.814 -80.9489 -5.20043 -5.01264
296.778 321.641 -80.322 -4.67363 -5.37383
300.455 328.765 -79.1203 -5.66631 -5.27583
312.594 329.474 -77.7415 -6.10695 -5.55781
340.276 326.558 -65.3412 -14.3061 -8.65444
350.238 323.222 -65.9623 -12.7167 -8.6814
352.234 325.726 -65.8959 -12.582 -8.49433
350.716 330.411 -65.8134 -12.8038 -8.15582
549.383 328.036 -16.3759 -5.51273 -18.8386
582.133 330.12 -26.0006 2.32722 -16.5239
607.092 322.771 -82.7516 10.9272 -4.51908
665.057 322.608 -87.2839 12.6437 -3.46811
667.916 323.699 -87.3505 12.7007 -3.41498
679.678 331.289 -87.8797 12.9366 -3.14287
674.918 334.84 -87.8648 12.8459 -3.06159
746.814 330.042 -89.4024 13.925 -2.83685
212.502 341.892 -84.72 -4.80765 -3.58199
219.99 339.901 -84.5452 -4.62251 -3.69795
220.278 344.684 -84.5038 -4.68157 -3.50317
263.595 344.366 -83.503 -3.45209 -3.71071
258.113 349.937 -83.88 -3.33699 -3.42342
273.263 340.01 -82.2297 -4.22987 -4.12797
276.009 338.297 -81.8748 -4.40286 -4.34238
279.858 340.201 -81.0664 -5.05778 -4.34605
277.956 342.424 -81.1897 -5.07204 -4.19657
304.831 342.882 -77.4679 -6.94834 -4.88579
365.947 338.895 -70.5106 -7.74562 -6.56446
374.534 343.463 -73.1546 -5.16656 -5.67267
382.837 339.705 -66.7439 -8.90267 -7.11073
392.039 339.542 -69.7519 -6.06504 -6.57856
394.221 337.037 -64.2968 -9.40367 -7.82349
401.888 338.077 -63.7911 -8.9177 -7.82223
549.255 342.176 34.5775 -16.5136 -25.8059
600.123 348.252 -81.7698 10.6694 -3.85968
605.103 344.94 -55.8188 8.57446 -8.68424
635.914 349.371 -85.2164 12.0159 -3.22845
682.941 350.88 -87.9106 13.0524 -2.72809
699.024 342.209 -88.0134 13.3342 -2.89389
816.93 338.317 -90.8684 14.5072 -2.40106
822.222 346.42 -90.829 14.6181 -2.30627
255.333 352.361 -83.9453 -3.422 -3.3005
257.724 354.731 -83.8506 -3.41323 -3.21136
296.531 359.717 -79.016 -6.05289 -3.78983
305.677 367.614 -78.3773 -6.07506 -3.3754
323.016 361.547 -79.7712 -3.62027 -3.52784
345.938 358.55 -70.7574 -9.49351 -4.97751
358.349 360.108 -65.2706 -12.5261 -5.68683
373.079 360.909 -72.6976 -5.68009 -4.56467
420.416 361.87 -62.4355 -7.76447 -5.94209
416.467 364.839 -63.1023 -7.7214 -5.71761
533.798 358.585 -54.4664 1.12836 -7.63223
539.402 366.18 -63.5324 3.9853 -5.63415
542.088 367.398 -63.685 4.28014 -5.5253
549.024 364.262 -17.9852 -4.85056 -11.8658
607.754 355.068 -82.6793 11.0424 -3.47804
594.432 363.344 -80.4102 10.3078 -3.47766
593.264 367.726 -80.8193 10.374 -3.28467
610.927 352.3 -83.4028 11.2245 -3.44671
620.482 359.087 -84.2059 11.5726 -3.11799
638.838 353.034 -85.7148 12.118 -3.04847
36.0872 370.896 -91.7161 -1.38161 -1.6204
113.531 375.948 -89.7196 -2.22198 -1.70688
122.458 377.308 -89.1914 -2.79093 -1.71613
126.569 377.94 -89.1176 -2.73296 -1.74473
157.935 381.038 -88.104 -2.97072 -1.71833
184.873 383.969 -86.8455 -3.55581 -1.73394
215.992 376.876 -84.8265 -4.60983 -2.18617
267.735 378.036 -90.5994 4.43544 -1.68956
312.267 374.322 -84.609 0.1101 -2.3742
338.861 371.09 -75.3671 -6.32069 -3.57041
357.634 382.302 -72.7357 -6.88145 -3.09381
371.43 379.297 -71.8019 -6.46506 -3.38692
376.099 379.069 -71.9645 -5.90496 -3.44064
539.738 370.085 -62.68 3.82191 -5.39499
538.264 373.477 -61.1615 3.40282 -5.30962
531.633 377.805 -53.4272 0.747229 -5.77728
529.151 381.395 -49.9943 -0.316469 -5.77481
557.453 370.721 -69.7278 6.78199 -4.52906
548.663 376.679 -66.8531 5.57931 -4.45012
633.204 379.059 -19.403 10.8817 -9.44361
643.031 374.605 -86.0764 12.2867 -2.43251
645.746 373.704 -86.199 12.3396 -2.45743
648.518 371.956 -86.3232 12.4212 -2.47111
664.854 372.889 -87.3767 12.7753 -2.29316
720.48 378.782 -87.5475 13.924 -2.20923
121.153 395.883 -89.5016 -2.39664 -1.16285
190.587 384.895 -86.6553 -3.53102 -1.71035
376.109 386.704 -72.2987 -5.69969 -2.86694
394.712 387.554 -65.7275 -8.33082 -3.33563
405.331 387.645 -64.4071 -8.14036 -3.45203
417.561 386.012 -63.7467 -7.2974 -3.67928
417.614 388.579 -63.5211 -7.41846 -3.42387
557.574 393.163 -18.2672 -2.77631 -6.37322
567.416 392.079 -73.9263 8.26182 -2.82736
577.408 387.269 -77.6488 9.36108 -2.82921
639.751 390.548 -85.9378 12.2401 -2.04903
634.719 394.753 -85.2201 12.1247 -1.97059
639.747 396.865 -75.4549 12.2897 -2.51719
642.224 388.095 -54.3637 12.4474 -4.84314
641.539 393.122 -85.9421 12.3271 -1.94545
663.155 393.369 -87.3979 12.7736 -1.93167
662.75 398.008 -87.5455 12.7725 -1.74818
720.026 385.426 -87.5433 13.9377 -2.06394
773.066 385.189 -89.8332 14.3625 -1.86573
86.5493 412.532 -90.6916 -1.78931 -0.6697
297.458 415.578 -91.2475 5.86487 -0.942412
332.04 400.458 -89.8116 5.44448 -1.29293
333.544 408.467 -89.8821 5.55745 -1.10977
334.924 415.909 -89.8074 5.53118 -0.932528
342.863 408.091 -89.2002 5.25793 -1.12788
393.587 409.774 -64.6675 -9.22301 -1.47309
402.504 404.042 -63.9441 -8.67809 -2.0305
405.681 408.784 -64.932 -7.78196 -1.57246
435.397 415.489 -21.0001 -27.6154 -1.27471
515.736 400.754 4.6571 -18.1479 -6.20181
513.096 415.829 -7.95386 -14.7409 -2.14908
525.06 415.864 -38.8687 -3.57934 -1.80619
533.073 404.209 -54.2969 1.34485 -2.94169
540.188 403.876 -62.5402 4.03859 -2.63308
543.134 402.577 -64.2708 4.68226 -2.67664
537.932 406.268 -61.1405 3.53189 -2.53141
537.571 412.127 -56.0447 2.33453 -2.05223
537.742 415.619 -60.6334 3.4866 -1.62229
587.438 406.341 -80.2511 10.2164 -1.80089
597.901 403.498 -42.9578 7.40042 -3.7885
602.998 400.606 -47.2904 8.37323 -3.95714
633.069 405.779 -21.0385 11.3537 -4.72621
639.085 405.153 -85.7391 12.2779 -1.6641
659.736 402.689 -87.2033 12.7355 -1.66137
662.151 406.297 -87.4418 12.7878 -1.56494
658.955 411.024 -87.2423 12.7404 -1.46671
718.592 406.381 -87.6481 13.9446 -1.58794
830.325 401.052 -91.2317 14.6898 -1.53493
37.5152 423.797 -91.9185 -1.21858 -0.398025
149.861 418.812 -88.656 -2.6528 -0.490897
190.273 427.349 -88.3737 -1.27485 -0.28559
285.151 431.771 -91.5308 5.81751 -0.609451
311.542 423.451 -91.0838 6.02892 -0.776514
332.228 417.212 -89.8933 5.51611 -0.901301
340.122 416.594 -89.5218 5.43654 -0.949052
346.455 419.449 -89.1648 5.32938 -0.862809
368.116 418.241 -87.635 4.83782 -0.906406
366.604 420.626 -88.0646 5.13741 -0.836524
355.168 425.893 -88.6955 5.21153 -0.697728
354.975 431.435 -88.6719 5.16255 -0.545855
366.597 432.174 -87.8223 4.89604 -0.496288
375.766 431.148 -86.9923 4.66654 -0.511098
388.393 419.471 -66.2351 -8.7261 -0.51835
400.268 417.114 -64.3975 -8.67999 -0.817691
410.586 419.675 -66.1973 -6.53105 -0.653766
446.727 422.59 59.0309 -63.934 1.3877
442.763 424.588 33.6318 -52.8845 1.92523
551.494 430.942 -68.6726 6.47171 -0.463548
567.193 423.13 -75.0618 8.58153 -1.09084
578.83 419.582 -78.1176 9.61567 -1.29262
659.121 419.03 -87.0182 12.7791 -1.2865
684.743 428.123 -87.8413 13.2979 -1.09447
107.374 433.521 -91.5221 0.54733 -0.26946
123.429 447.353 -89.7498 -2.1487 0.331697
138.35 434.367 -89.4708 -1.91687 -0.0475935
128.93 444.0 -89.5866 -2.15716 0.236722
151.381 444.646 -89.7336 -0.94552 0.18703
159.065 445.425 -89.9304 -0.312841 0.146139
341.424 435.796 -89.4909 5.42268 -0.463193
349.704 434.785 -88.9387 5.22465 -0.46537
362.518 439.385 -91.8731 7.83322 -0.601189
365.597 445.012 -87.8669 4.91668 -0.144273
387.905 436.164 -68.8134 -7.07195 0.741021
389.136 448.039 -79.7534 0.311371 0.671379
417.339 437.976 -68.0438 -4.79756 0.76882
417.518 441.31 -74.2333 -1.4046 0.613708
416.719 444.132 -73.9936 -1.4567 0.837267
455.107 435.049 -66.2259 -2.3017 0.413147
465.107 438.12 -70.9219 0.723445 0.393251
486.702 438.975 -68.5663 1.35674 0.404233
493.356 439.084 -70.9457 2.94427 0.24881
491.93 441.616 -70.9845 2.72119 0.490705
509.366 439.89 -69.7885 3.59855 0.315861
511.998 439.873 -70.0032 3.92307 0.319518
508.463 443.528 -75.1049 5.22957 0.318982
528.023 443.01 -72.645 5.75397 0.339758
529.217 438.608 -69.8674 5.14986 0.127987
550.517 436.366 -69.0807 6.50691 -0.0995619
566.276 439.58 -74.8534 8.5783 -0.185286
572.961 442.43 -77.4233 9.33666 -0.164324
569.921 445.428 -76.9993 9.08489 0.0588718
585.468 438.344 -80.1904 10.2471 -0.481284
580.674 442.487 -79.8616 10.0678 -0.305875
582.465 445.224 -80.2064 10.16 -0.192179
584.685 441.812 -80.0221 10.2071 -0.313512
588.867 441.532 -80.2847 10.4638 -0.36544
605.881 437.304 -83.5088 11.3246 -0.669782
618.038 445.723 -84.4677 11.7743 -0.450894
654.783 442.042 -86.7627 12.75 -0.714963
712.914 446.703 -88.9451 13.7525 -0.758435
35.8849 454.507 -92.0604 -1.16805 0.320457
217.212 457.011 -92.402 5.14075 -0.131262
230.438 459.468 -92.332 5.35714 -0.100355
273.385 452.039 -91.5818 5.59727 -0.197364
292.507 453.884 -91.6198 6.05998 -0.217552
296.08 461.54 -91.5364 6.04618 -0.0468503
334.955 451.625 -92.4121 7.71586 -0.418034
325.254 462.206 -90.2025 5.56056 0.109462
330.92 458.127 -90.4034 5.89581 -0.0230146
333.395 462.55 -83.3912 -0.109627 1.15811
337.996 450.98 -89.645 5.4527 -0.107661
344.935 449.523 -89.4139 5.4568 -0.129956
350.458 448.34 -88.9593 5.26892 -0.126774
339.352 463.843 -86.289 2.75199 0.698996
343.401 462.666 -86.289 2.75199 0.698996
368.04 456.458 -87.6901 4.86477 0.200997
370.706 455.235 -87.5025 4.81145 0.18047
381.401 461.251 -87.2305 5.01119 0.367198
386.222 453.44 -81.3776 1.26382 0.765119
396.923 455.152 -84.6278 3.79158 0.474509
389.78 457.721 -83.8625 3.07638 0.653406
431.508 462.077 -86.4628 6.28655 0.362685
442.928 457.712 -84.1742 5.5473 0.436744
454.013 451.553 -81.7425 4.85995 0.372994
479.875 463.92 -85.0058 7.34031 0.460774
545.119 463.76 -84.9391 9.5697 0.265684
570.157 449.655 -79.8527 9.59743 0.0582302
573.621 448.594 -79.2267 9.65233 0.0454215
578.21 450.095 -80.5874 10.0357 0.00364201
596.621 451.569 -82.3046 10.9501 -0.100222
594.952 454.995 -82.3954 10.901 0.0640658
606.147 451.434 -83.6209 11.3728 -0.1959
603.863 456.747 -83.6115 11.3153 -0.0126506
607.791 456.735 -83.9691 11.4667 -0.0515708
609.036 452.156 -83.9292 11.4895 -0.198934
637.179 449.681 -86.1833 12.3909 -0.463277
636.62 455.334 -86.1958 12.3505 -0.30781
624.861 457.229 -85.2419 12.0318 -0.169223
627.414 459.715 -86.5254 12.1424 -0.200614
636.18 459.34 -86.2174 12.3508 -0.194437
675.009 462.962 -89.1211 13.0776 -0.422613
681.238 463.864 -89.0571 13.1945 -0.384489
710.829 449.336 -88.9744 13.7038 -0.711093
720.271 451.991 -88.9633 13.8776 -0.672591
788.644 452.79 -90.5931 14.5214 -0.800098
804.416 451.377 -90.9788 14.5905 -0.8534
88.7416 476.894 -91.9632 0.524975 0.711974
174.51 464.749 -89.6427 -0.218859 0.698151
208.413 476.877 -92.5381 5.06141 0.219954
231.963 475.125 -92.4038 5.46037 0.168487
241.168 477.223 -92.3141 5.56945 0.206944
269.032 473.539 -92.0657 5.94905 0.136677
273.19 478.42 -91.8166 5.77779 0.274144
306.899 469.673 -91.2024 5.98331 0.143125
320.766 466.058 -90.6178 5.80401 0.141858
335.678 464.892 -89.211 4.90098 0.33958
431.172 467.012 -87.3335 6.75041 0.392655
420.044 476.135 -88.75 7.1776 0.454126
419.427 479.492 -89.5628 7.62836 0.386885
442.126 465.103 -86.4795 6.66529 0.418615
528.886 470.825 -86.719 9.5022 0.33704
565.652 465.26 -84.5431 10.1867 0.280472
572.705 470.606 -84.7018 10.4567 0.432681
620.619 466.839 -85.621 11.9533 0.106931
640.643 472.005 -87.5158 12.4785 -0.000466644
671.179 470.722 -87.9138 13.1299 -0.128464
658.439 472.67 -87.6552 12.8726 -0.033371
662.309 474.976 -87.8719 12.959 -0.00238655
680.044 476.859 -89.0256 13.2233 -0.129528
681.398 473.551 -88.9653 13.2343 -0.192544
696.44 477.93 -89.1472 13.4925 -0.142053
718.685 469.067 -89.0602 13.8773 -0.343305
708.228 473.436 -89.0557 13.7038 -0.244253
716.189 474.507 -89.0826 13.8453 -0.237458
721.398 466.57 -88.9423 13.938 -0.388577
721.566 476.366 -89.0859 13.9457 -0.211921
752.307 479.802 -89.8329 14.2896 -0.267653
875.603 477.34 -91.1185 15.4264 -0.567341
971.422 477.586 -92.7011 15.4378 -0.758265
244.468 480.469 -92.3103 5.64137 0.260731
246.849 486.012 -92.1682 5.53727 0.395312
245.524 488.501 -90.8086 3.83186 0.82615
290.279 484.507 -91.6838 6.03297 0.376765
303.469 481.16 -91.3457 6.04359 0.376713
304.631 495.761 -73.94 -10.8263 5.35598
423.17 480.281 -89.3669 7.60746 0.432029
497.095 480.753 -88.7656 9.24106 0.372071
540.406 491.879 -90.094 10.5927 0.289305
567.611 483.225 -88.1548 10.816 0.330022
578.168 481.355 -87.8588 11.0414 0.313816
604.822 484.89 -88.5811 11.7068 0.25776
614.444 491.58 -89.6261 11.9799 0.211284
618.982 495.108 -89.9664 12.0802 0.213941
623.911 495.031 -90.0804 12.1782 0.184669
628.69 495.832 -90.0776 12.2681 0.195457
637.86 496.139 -90.1425 12.4176 0.169403
649.44 480.879 -88.3452 12.6693 0.0946843
663.377 480.793 -88.3011 12.9599 0.0689003
679.001 480.312 -88.1713 13.3209 0.0330546
677.798 482.957 -88.6264 13.221 0.0564954
687.96 480.722 -88.7568 13.394 -0.0482389
688.677 483.478 -88.6928 13.4232 0.0245397
698.877 488.034 -89.2087 13.5514 0.0409777
706.313 481.808 -89.1061 13.6975 -0.0998303
708.439 483.213 -89.1678 13.7303 -0.0636259
709.38 490.029 -89.6474 13.6682 0.00496876
704.845 494.95 -89.8864 13.5675 0.0681989
749.265 482.121 -89.7913 14.262 -0.219449
749.068 486.685 -89.7658 14.2806 -0.139105
894.736 486.47 -92.2038 15.1023 -0.563939
887.462 491.117 -92.2151 15.0406 -0.508198
939.179 494.074 -92.7684 15.1847 -0.574214
194.353 505.677 -92.7863 5.00735 0.712567
221.243 511.327 -91.8301 4.36642 1.0778
371.511 507.895 -92.9565 8.78259 0.273355
378.097 511.005 -89.7868 6.67354 1.21353
462.075 510.332 -92.0788 9.79736 0.359453
542.969 502.037 -65.5791 5.53587 5.45573
608.023 511.577 -91.3921 11.9782 0.259974
613.392 500.501 -90.4107 12.0091 0.2548
622.538 506.802 -90.9008 12.1887 0.257189
627.03 506.405 -91.0578 12.2523 0.20906
632.511 504.672 -90.8767 12.336 0.203626
653.444 502.417 -90.9567 12.6513 0.117918
657.587 500.004 -90.4713 12.7423 0.156194
735.224 499.614 -90.3529 13.9569 0.0316383
756.798 507.936 -90.9373 14.1322 0.0408605
768.984 500.222 -90.0681 14.5282 0.026432
787.272 511.974 -91.17 14.4576 0.0133226
953.41 496.617 -83.2485 21.1127 0.362662
159.609 515.425 -93.5052 5.27699 0.701567
346.632 524.45 -82.5451 -0.0180561 4.23518
453.084 520.309 -92.816 9.99143 0.335793
494.446 523.743 -92.7171 10.5581 0.335072
607.204 514.153 -91.6058 11.979 0.254794
604.5 514.938 -91.6607 11.9422 0.263142
620.607 514.883 -91.6554 12.1748 0.234189
617.412 519.638 -91.8733 12.1459 0.26264
635.265 515.144 -91.4602 12.3781 0.253094
632.572 527.944 -92.4588 12.3508 0.216334
654.976 522.376 -91.8969 12.649 0.235438
668.296 515.092 -91.5487 12.8466 0.176834
681.252 514.306 -91.436 13.0283 0.167766
831.88 525.256 -91.7825 14.7668 0.0266715
175.351 532.79 -91.9228 3.10091 1.6884
184.894 531.436 -91.4178 2.62713 1.84806
377.097 538.942 -93.8371 9.49305 0.395028
492.939 537.513 -93.3158 10.7487 0.340781
678.058 538.025 -92.7061 12.8745 0.212479
704.548 531.797 -92.4224 13.1988 0.164905
705.823 538.412 -92.6187 13.1824 0.197958
724.505 533.369 -92.5632 13.3944 0.121864
761.071 537.223 -92.544 13.7819 0.120553
93.9736 545.291 -94.7662 6.11656 0.704289
123.104 554.12 -94.8563 6.80935 0.68135
424.772 545.577 -93.9271 10.1682 0.349831
491.973 556.622 -93.9742 10.9726 0.339896
497.638 551.84 -93.8742 11.0035 0.313368
687.399 544.316 -92.776 12.9761 0.256016
700.442 553.36 -92.5363 13.1704 0.412881
705.251 560.033 -93.2759 13.0961 0.267929
799.533 545.471 -92.7548 14.101 0.113247
349.986 575.628 -94.9296 9.9753 0.369639
435.102 565.458 -94.3834 10.5313 0.366596
497.412 561.91 -94.1104 11.0785 0.332139
673.752 560.422 -93.4838 12.7681 0.255611
716.134 567.027 -93.7645 13.1045 0.175134
821.319 572.271 -93.575 14.0078 0.144726
348.948 590.682 -95.1345 10.1315 0.397908
505.433 577.072 -94.5283 11.2969 0.301958
727.963 578.652 -93.8956 13.1861 0.226559
424.429 605.57 -95.1963 10.8656 0.358932
164.629 622.521 -95.9179 9.16421 0.506903
418.181 614.631 -95.3424 10.8953 0.358071
838.448 635.423 -94.8808 13.6213 0.166627
374.1 663.063 -75.8858 -3.4214 16.2192
500.682 678.746 -95.8091 11.682 0.365544
836.492 53.8509 -90.696 14.2271 -5.94267
83.9229 119.194 -87.1544 -6.80675 -10.3828
686.265 116.405 -87.182 12.6006 -7.65588
817.3 132.045 -40.3069 27.8027 -33.592
663.571 155.434 -86.3865 12.2018 -7.40741
666.87 157.431 -86.6096 12.271 -7.23684
788.42 157.906 -89.8131 14.0584 -5.25634
92.7367 183.039 -86.9065 -7.16772 -8.61192
642.913 176.618 -34.1148 9.98337 -34.1277
91.5419 193.778 -86.9114 -7.3304 -8.24436
668.527 198.905 -86.9427 12.4111 -6.20563
110.745 221.944 -86.8613 -6.49863 -7.31137
113.578 219.474 -86.8417 -6.38811 -7.38908
608.833 212.185 -48.5006 7.24623 -23.6073
664.974 214.175 -86.859 12.365 -5.91921
674.404 220.491 -89.3789 12.5187 -4.68598
803.34 212.166 -62.9828 21.5883 -16.0147
810.038 214.925 -90.4703 14.2943 -4.15115
182.24 231.707 -83.5943 -7.59793 -8.39183
595.981 236.336 -18.2983 2.17421 -33.7931
610.724 225.626 -82.8227 10.7554 -7.5431
610.391 231.17 -82.889 10.7662 -7.35263
648.302 227.569 -85.8516 12.0131 -6.09868
650.337 233.452 -86.2856 12.0857 -5.78165
787.343 229.669 -89.9403 14.1691 -4.19077
872.148 225.466 -85.6314 16.9312 -5.89414
18.2712 242.256 -90.7015 -3.59108 -4.94775
25.9795 242.081 -90.3828 -3.93215 -5.09523
34.6051 249.703 -90.4168 -3.54927 -4.86795
72.1839 243.487 -89.5903 -3.55123 -5.33594
147.506 250.086 -86.1723 -5.84427 -6.58319
175.801 243.629 -83.908 -7.62404 -7.82095
181.119 243.963 -83.9223 -7.25227 -7.77355
186.368 245.497 -83.7896 -7.16165 -7.75527
186.21 249.133 -83.9556 -6.93508 -7.53069
188.603 253.262 -84.0225 -6.71042 -7.32731
203.829 244.599 -83.502 -6.48605 -7.85481
215.41 244.607 -83.1246 -6.29892 -7.99155
610.748 245.78 -82.7303 10.8051 -6.94946
38.9728 256.377 -90.4687 -3.27476 -4.68932
68.4278 263.051 -90.1311 -2.73737 -4.59028
75.9938 260.229 -90.0954 -2.52737 -4.66385
279.626 267.887 -80.2167 -5.75507 -7.9917
298.335 260.007 -78.1381 -6.54113 -9.15901
303.152 263.577 -77.6285 -6.66807 -9.08571
786.597 271.814 -60.409 21.8208 -13.1264
58.7994 278.158 -90.2786 -2.91454 -4.15348
183.944 279.498 -85.6342 -4.86992 -5.69521
197.013 284.022 -85.3838 -4.61967 -5.63494
201.057 285.967 -84.9997 -4.88676 -5.66173
257.718 282.827 -81.449 -5.85895 -6.92634
256.798 286.183 -82.8381 -4.41378 -6.26893
261.046 286.274 -81.3593 -5.73803 -6.77006
265.924 287.133 -80.4466 -6.44436 -7.04745
356.45 283.012 -65.5616 -12.3901 -12.0985
363.568 287.081 -65.299 -11.8749 -11.8084
412.953 286.284 -62.658 -8.4793 -12.5541
574.711 279.856 -76.4954 8.61157 -7.97879
594.673 278.944 -80.1352 10.0486 -6.79243
610.369 279.536 -82.8472 10.8864 -5.86826
669.137 281.024 -87.3359 12.6164 -4.34927
774.258 284.229 -90.029 14.087 -3.38316
100.759 291.104 -89.7495 -2.32113 -3.98232
97.3507 292.928 -89.7525 -2.45214 -3.93959
101.672 297.789 -89.6039 -2.56972 -3.84744
137.491 304.224 -87.8151 -4.04415 -4.21252
178.236 295.902 -86.0265 -4.65612 -4.99043
190.582 294.568 -85.805 -4.34839 -5.09539
199.821 289.039 -85.2466 -4.57516 -5.46237
285.701 293.381 -79.8086 -5.85623 -6.88975
302.821 294.596 -80.1335 -4.50725 -6.73602
291.961 301.78 -80.268 -5.02847 -6.32562
313.165 292.039 -79.9228 -4.01862 -6.82687
307.419 299.564 -80.0298 -4.15668 -6.60712
330.926 303.479 -76.2468 -6.04196 -7.39945
359.851 297.841 -65.3414 -12.272 -10.9593
379.401 289.176 -64.7662 -10.7291 -11.8166
638.852 293.755 -84.6976 11.9209 -4.85644
772.741 297.309 -89.835 14.142 -3.24271
98.4969 304.282 -89.785 -2.39462 -3.63309
124.192 318.65 -89.096 -2.57366 -3.41999
150.316 308.599 -87.4699 -3.97524 -4.15124
149.281 311.61 -87.4829 -4.00313 -4.05042
156.651 310.926 -86.8702 -4.59231 -4.24888
191.712 311.366 -85.6218 -4.59205 -4.54009
213.55 310.538 -84.6524 -4.72159 -4.82706
251.447 307.343 -83.971 -3.46959 -5.09101
260.715 317.512 -83.2665 -3.79213 -4.85353
279.011 304.191 -79.6798 -6.45382 -6.47776
290.149 304.458 -79.7554 -5.63513 -6.3929
304.103 305.118 -80.0732 -4.44187 -6.22839
335.918 309.138 -67.5892 -13.1326 -9.5852
337.833 305.726 -66.3968 -13.6259 -10.1046
357.369 305.514 -65.5931 -12.2575 -10.2212
377.496 312.546 -64.739 -10.7663 -9.84121
419.889 316.795 -61.7312 -8.27761 -10.1822
572.927 314.97 -76.6463 8.70168 -6.33694
569.54 319.008 10.2362 -6.2906 -27.1893
638.438 319.849 -85.0847 11.9948 -4.05431
145.795 323.36 -88.1914 -3.16575 -3.51083
151.005 324.577 -87.8467 -3.45404 -3.54677
180.638 321.733 -86.0163 -4.62929 -4.10145
215.551 326.21 -84.6417 -4.68177 -4.22005
229.759 326.087 -84.3279 -4.31427 -4.28891
237.003 326.207 -84.1066 -4.16504 -4.32848
252.127 323.388 -83.9551 -3.49632 -4.44923
254.59 327.308 -83.8614 -3.47312 -4.33078
240.737 334.36 -83.9684 -4.14945 -4.02441
282.439 332.502 -80.9654 -4.99423 -4.74514
302.649 322.017 -78.5999 -5.97796 -5.80523
300.582 324.977 -79.4091 -5.33641 -5.45066
302.765 331.949 -78.1389 -6.40372 -5.39543
296.754 332.326 -79.2191 -5.77806 -5.10857
306.001 335.373 -79.1252 -5.27419 -4.97056
335.357 325.069 -65.9552 -14.3721 -8.51243
343.39 333.016 -65.6737 -13.7899 -7.99028
357.188 330.606 -65.6908 -12.1999 -8.1348
352.451 333.343 -65.9597 -12.5677 -7.86025
381.956 333.995 -64.7835 -10.3398 -8.03727
421.149 320.865 -59.5698 -9.35694 -10.3536
553.662 321.975 -69.475 6.2708 -7.69882
603.766 322.24 -82.9325 10.8167 -4.51131
604.404 333.196 -82.117 10.8222 -4.3116
634.05 326.939 -84.9922 11.8923 -3.88205
648.166 320.154 -86.0306 12.2649 -3.79488
668.853 332.302 -87.8839 12.7149 -3.12076
676.486 330.302 -87.8811 12.9206 -3.1303
672.787 332.659 -87.8925 12.7941 -3.10831
712.967 332.796 -87.5618 13.638 -3.17477
749.887 325.796 -89.2894 13.9859 -2.94365
141.633 349.632 -88.9368 -2.19072 -2.55729
207.074 346.251 -84.9397 -4.85176 -3.38117
216.576 337.507 -84.6282 -4.68781 -3.78635
231.025 336.709 -84.2157 -4.40331 -3.88716
286.256 338.9 -80.9712 -4.7495 -4.4864
273.846 349.424 -82.0118 -4.47805 -3.77645
280.27 349.234 -81.3866 -4.73855 -3.916
283.86 351.548 -80.9599 -4.96042 -3.8046
287.23 352.109 -80.8561 -4.87454 -3.80002
307.743 340.122 -77.7261 -6.47475 -4.9886
348.235 336.237 -65.2742 -13.5666 -7.80223
352.608 337.125 -65.5536 -12.8814 -7.60648
360.748 336.289 -65.5387 -12.148 -7.74205
368.975 341.768 -72.4593 -6.13906 -5.93141
423.022 342.513 -51.8788 -13.4001 -9.74596
420.602 345.341 -59.8462 -9.24524 -7.96291
424.004 347.623 -59.699 -8.76419 -7.74696
541.475 342.276 -63.1001 3.91019 -7.59535
538.674 346.424 -62.1982 3.5363 -7.44748
556.554 346.896 -67.9964 6.24019 -6.32008
558.48 349.75 -71.3603 7.04235 -5.60781
565.682 342.559 -74.5899 8.08705 -5.41898
572.648 338.819 -75.189 8.54547 -5.50118
603.436 349.223 -82.0509 10.8126 -3.78942
644.469 344.558 -85.8953 12.2288 -3.22874
649.4 350.336 -86.3766 12.3744 -3.007
672.04 339.578 -87.8161 12.7948 -2.98074
682.658 340.336 -87.926 13.0113 -2.94777
692.217 336.429 -87.809 13.2095 -3.05794
703.783 340.036 -87.7686 13.4487 -2.98296
716.896 336.987 -87.6157 13.7184 -3.07242
724.701 340.739 -87.5879 13.8963 -2.99911
723.869 351.026 -87.5592 13.9077 -2.77919
734.346 346.611 -87.5028 14.1135 -2.89041
786.883 345.613 -90.5777 14.251 -2.36323
820.045 343.718 -82.3543 17.449 -3.89435
30.4126 360.339 -91.8195 -1.30384 -1.84018
37.6111 367.981 -91.6093 -1.53934 -1.69602
127.917 367.833 -89.1744 -2.54697 -2.0058
280.681 359.414 -81.1414 -4.99288 -3.42875
287.453 357.458 -80.891 -4.81402 -3.56415
284.313 358.749 -80.9749 -4.92261 -3.46699
316.492 366.052 -79.5113 -4.29761 -3.30648
323.494 365.393 -79.2328 -4.09277 -3.39962
342.147 354.701 -78.4837 -3.49409 -4.06324
342.336 366.789 -74.5167 -6.72802 -3.94393
359.537 356.827 -67.8017 -10.432 -5.58615
362.219 353.484 -67.7584 -10.2712 -5.8595
383.155 357.834 -70.8889 -5.90129 -5.08178
371.816 363.72 -71.7087 -6.45681 -4.54036
399.449 357.707 -67.0678 -7.08773 -5.68378
396.793 361.243 -64.9997 -8.65758 -5.67855
401.57 361.423 -63.8873 -8.79955 -5.81934
417.861 362.566 -62.37 -8.10402 -5.88495
535.81 366.735 -56.3784 1.90129 -6.50317
548.968 358.891 -67.9938 5.7481 -5.56496
595.359 356.833 -80.9967 10.4361 -3.6715
599.711 363.27 -81.2738 10.6594 -3.39429
668.282 365.345 -87.6405 12.8 -2.47118
753.971 359.979 -89.7387 14.0362 -2.27979
23.5776 378.53 -92.0129 -1.22997 -1.41903
50.6863 372.94 -91.3557 -1.63217 -1.61576
85.5459 371.687 -90.4479 -2.03702 -1.74561
98.7963 373.024 -90.1561 -2.04273 -1.74401
183.478 373.086 -86.7861 -3.65409 -2.11937
188.16 373.257 -86.5875 -3.71426 -2.12924
187.395 381.344 -86.7089 -3.58494 -1.83102
208.539 374.673 -85.3778 -4.31813 -2.21228
221.592 378.642 -84.6277 -4.58654 -2.13533
265.635 375.652 -90.5469 4.32968 -1.74053
309.082 370.808 -88.1452 3.27475 -2.12371
374.031 381.465 -71.5955 -6.35821 -3.28715
406.085 381.75 -64.1933 -8.2254 -3.90801
577.102 375.627 -76.9473 9.20367 -3.41758
604.08 374.501 -52.5628 8.50764 -6.20449
599.005 377.423 -44.607 7.25678 -6.75365
664.556 368.602 -87.4707 12.7423 -2.40857
702.117 380.342 -87.7475 13.528 -2.15444
708.134 373.43 -87.6806 13.6419 -2.30416
67.0483 387.254 -91.0627 -1.64592 -1.2867
122.025 391.464 -89.375 -2.55552 -1.30066
117.267 395.123 -89.8098 -2.00606 -1.17082
197.499 385.886 -86.121 -3.93107 -1.71523
217.928 385.879 -84.6852 -4.75144 -1.82006
381.735 389.591 -71.0679 -6.07849 -2.78762
385.092 391.35 -68.8485 -7.32972 -2.69193
390.03 399.525 -64.7424 -9.51321 -2.36422
394.606 395.763 -64.7043 -9.10916 -2.68706
397.502 399.174 -64.3228 -9.0721 -2.43466
425.933 384.361 -54.6357 -11.4282 -4.62497
431.094 395.262 -49.6469 -13.4465 -3.63676
509.856 400.028 4.73425 -19.6746 -6.23454
516.282 395.465 3.56055 -17.8421 -7.44301
538.797 397.33 -57.0941 2.6926 -3.55391
558.594 396.883 -71.716 7.37699 -2.68868
579.824 389.753 -26.0532 2.53212 -6.80557
586.393 387.997 -79.1754 10.0272 -2.62631
592.646 385.968 -80.2912 10.3804 -2.60718
632.563 392.321 -19.8229 11.0062 -7.13036
678.641 385.115 -87.8818 13.0563 -2.026
717.151 385.339 -87.6051 13.8664 -2.06862
764.132 386.775 -89.8269 14.2357 -1.84315
790.019 385.282 -90.2954 14.4733 -1.82612
6.2397 414.748 -92.4591 -1.0097 -0.602549
115.474 413.132 -89.8081 -2.19665 -0.654814
335.229 403.861 -89.7664 5.51361 -1.20895
339.05 411.326 -89.5012 5.38221 -1.04337
342.483 413.514 -89.3159 5.31962 -1.01135
348.463 413.728 -88.9304 5.21127 -0.991425
355.152 405.332 -88.5727 5.13456 -1.21955
425.874 404.657 -50.0069 -13.9273 -2.45034
512.251 410.329 6.50961 -19.2884 -3.81287
530.847 401.712 -51.8485 0.445468 -3.32973
549.663 409.262 4.27375 -8.51953 -4.29757
567.046 409.093 -73.9372 8.3157 -1.85987
579.089 402.748 -78.7437 9.65095 -2.06229
600.549 409.148 -17.2452 5.75013 -4.05875
719.466 400.337 -87.5653 13.965 -1.74573
715.005 408.452 -87.5879 13.894 -1.55895
714.394 412.611 -87.5636 13.8979 -1.46641
829.071 408.867 -91.2385 14.6893 -1.45198
8.25483 427.729 -92.5162 -0.955939 -0.313825
24.973 420.252 -92.1393 -1.13544 -0.476775
22.6129 426.804 -92.2241 -1.10681 -0.325929
34.2842 420.3 -91.9694 -1.2051 -0.48124
43.5806 420.438 -91.7507 -1.30294 -0.470005
53.1373 422.382 -91.5676 -1.38316 -0.424914
49.9564 431.611 -91.6538 -1.3633 -0.194679
67.9845 422.782 -90.9353 -2.10563 -0.379673
144.106 425.363 -88.8475 -2.645 -0.287826
182.166 425.367 -87.6521 -2.70346 -0.293253
186.625 431.606 -88.1979 -1.71721 -0.136879
207.882 427.522 -91.9717 4.38915 -0.614414
292.345 423.292 -91.3629 5.83739 -0.771261
318.384 426.915 -90.9221 6.05902 -0.717675
331.961 421.4 -90.097 5.69369 -0.817823
332.104 430.284 -89.9757 5.57222 -0.607108
337.622 419.86 -89.7369 5.53969 -0.847283
340.031 426.117 -89.5613 5.45997 -0.691985
365.898 428.566 -87.9623 4.99675 -0.605251
370.8 431.55 -87.2967 4.68828 -0.502379
379.021 431.599 -86.688 4.55245 -0.468761
407.58 416.373 -64.4603 -7.86146 -0.89092
416.618 428.379 -65.9877 -6.03298 0.0393272
423.645 431.934 -63.2081 -6.9168 0.474966
447.0 425.425 32.4633 -50.9024 1.81954
469.215 432.242 -57.4983 -4.6686 0.426674
519.673 416.274 -39.8644 -4.15566 -1.69347
517.073 422.289 -47.7218 -2.21123 -0.910513
514.553 430.472 -46.092 -2.9766 0.120728
537.336 422.597 -55.9171 2.47013 -1.03378
565.627 426.828 -74.3473 8.41544 -0.806311
576.578 422.41 -77.6768 9.4679 -1.1438
600.025 419.678 -82.0797 10.9403 -1.26377
601.178 423.188 -82.5983 11.0438 -1.14059
641.316 426.156 -86.1677 12.402 -1.06411
755.903 423.277 -89.7742 14.2169 -1.23779
783.72 419.153 -90.3564 14.4468 -1.30045
24.7306 439.769 -92.2233 -1.11284 -0.0322
27.0349 443.329 -92.2049 -1.09541 0.0460317
24.9849 446.435 -92.2485 -1.01607 0.109179
38.7764 432.757 -92.0417 -0.920476 -0.202047
34.8676 439.416 -92.0202 -1.14314 -0.0368063
39.6571 438.834 -91.7858 -1.51607 -0.0137983
38.822 442.666 -91.9577 -1.17777 0.0418497
51.5978 437.913 -91.6939 -1.23303 -0.05321
56.4078 445.206 -91.6123 -1.28706 0.124757
65.6189 441.92 -91.3565 -1.43463 0.0659145
66.5055 445.492 -91.3407 -1.44253 0.157786
76.7916 440.761 -91.0742 -1.56775 0.0611004
84.3445 434.264 -90.9176 -1.53195 -0.11169
86.9848 444.483 -90.9913 -1.32327 0.142431
97.3933 436.723 -91.1037 -0.653914 -0.0971058
127.482 440.732 -89.575 -2.21789 0.148058
148.099 442.841 -89.7021 -1.12218 0.14117
164.05 447.48 -89.8233 -0.280159 0.201289
310.895 435.463 -90.9923 5.92362 -0.529338
305.523 436.904 -91.0933 5.86798 -0.502248
309.934 439.007 -90.9983 5.89864 -0.463401
315.865 441.776 -90.8376 5.89006 -0.395837
327.06 433.745 -90.2698 5.69497 -0.524921
330.466 439.522 -90.1666 5.68424 -0.424619
338.127 437.627 -90.0179 5.77852 -0.444336
353.246 434.635 -89.0093 5.40172 -0.48204
401.872 436.992 -62.3438 -9.76941 1.1892
424.761 435.379 -62.7829 -6.97649 0.788441
512.066 446.254 -76.0622 5.75617 0.364722
537.044 434.069 -61.8485 3.84462 -0.0336573
542.588 432.667 -62.6964 4.49648 -0.145412
533.11 444.403 -73.3479 6.30346 0.329294
532.65 448.175 -76.8078 7.1336 0.335493
544.639 438.98 -68.3571 5.92929 0.150231
556.276 444.072 -74.1694 7.99927 0.178604
560.581 439.77 -73.887 8.0888 -0.102407
573.192 437.305 -77.5354 9.33995 -0.378343
581.747 439.537 -79.0105 9.94883 -0.366136
586.671 444.632 -81.1567 10.4256 -0.288378
600.121 442.532 -82.7484 11.0806 -0.434311
610.533 438.241 -83.8374 11.4884 -0.661809
619.39 442.211 -84.4497 11.7883 -0.542182
640.267 445.918 -86.3396 12.4127 -0.574394
781.517 439.375 -90.3822 14.4536 -1.00769
45.9348 453.83 -91.841 -1.25042 0.320989
56.5119 448.641 -91.608 -1.30817 0.21312
87.2472 458.021 -90.9361 -1.4988 0.517629
146.211 451.91 -89.7226 -1.21544 0.392196
166.705 453.018 -89.7428 -0.339885 0.365971
260.351 458.319 -92.2023 5.93841 -0.157139
290.16 451.177 -91.6149 6.0122 -0.260504
362.373 448.937 -88.1945 5.06616 -0.056421
379.416 449.947 -86.8007 4.63956 0.0774161
446.835 457.906 -83.7699 5.50738 0.452841
484.301 461.713 -85.0978 7.53736 0.353615
493.063 461.801 -85.1368 7.85674 0.314877
509.703 449.358 -79.2235 6.58968 0.313488
510.309 456.694 -82.2099 7.52304 0.36215
512.187 462.593 -84.2953 8.27234 0.39437
524.911 462.479 -83.1539 8.41315 0.479523
559.826 458.797 -83.0817 9.72008 0.219966
575.879 463.491 -84.43 10.5034 0.216522
581.847 448.377 -81.2051 10.2536 -0.104118
584.837 450.86 -81.2363 10.4062 -0.0128821
590.588 453.582 -81.9882 10.6903 0.0336315
591.751 459.386 -83.5788 10.9312 0.131701
609.212 459.995 -84.284 11.5419 0.0324694
638.638 461.108 -86.3144 12.4225 -0.161135
642.474 448.83 -86.4373 12.478 -0.481194
641.811 454.35 -86.4932 12.4777 -0.355214
654.713 462.686 -87.3844 12.7835 -0.226701
660.897 448.707 -87.5448 12.8707 -0.615979
711.898 452.7 -88.8633 13.7589 -0.64832
740.555 449.501 -89.5285 14.0947 -0.766676
812.403 452.162 -91.1057 14.6442 -0.850576
807.459 456.96 -91.048 14.6148 -0.779705
50.4453 476.891 -92.0933 -0.642521 0.800121
140.82 467.37 -89.8166 -1.36203 0.854606
202.965 466.687 -92.503 4.9103 0.0564578
252.44 465.113 -92.2673 5.79746 -0.0267694
268.997 479.788 -91.5245 5.32804 0.369056
272.153 473.095 -92.1053 6.08526 0.103077
291.321 479.652 -81.897 -3.8977 2.50013
323.681 468.064 -90.5793 5.8446 0.194806
360.525 465.274 -87.4283 4.42379 0.535279
420.624 467.071 -85.6302 5.47828 0.644243
424.038 469.847 -87.6515 6.69922 0.424968
424.356 465.521 -86.6052 6.10567 0.454975
427.374 471.598 -87.6902 6.81788 0.480414
451.455 469.294 -87.3509 7.39236 0.393912
496.338 474.523 -88.8648 9.25602 0.21174
527.262 466.817 -87.0022 9.50872 0.201003
520.659 468.98 -87.0679 9.36086 0.235579
519.017 472.716 -86.7456 9.21502 0.400828
542.9 473.447 -86.9898 9.95642 0.320434
559.962 466.579 -82.0258 9.62645 0.629284
558.033 475.536 -87.3746 10.458 0.293976
580.495 471.289 -86.1197 10.8719 0.26464
579.75 475.423 -87.0883 10.9733 0.272249
617.762 464.331 -85.0675 11.8313 0.0881944
610.403 479.463 -88.2752 11.8131 0.16235
645.507 478.137 -87.8931 12.5999 0.103841
666.873 467.718 -87.9362 13.0293 -0.189966
678.578 471.091 -89.1766 13.1547 -0.281852
694.489 464.942 -89.0205 13.4425 -0.390178
699.434 472.026 -89.1064 13.5443 -0.263186
690.41 478.32 -89.2974 13.3618 -0.15226
711.488 467.15 -88.9462 13.756 -0.393928
713.961 471.208 -89.0574 13.7881 -0.273107
710.152 476.387 -89.0876 13.7398 -0.195002
724.129 471.718 -89.0449 13.9828 -0.303651
793.985 469.154 -90.8402 14.5496 -0.578151
812.593 475.148 -91.1152 14.7084 -0.532309
820.67 465.216 -91.2239 14.734 -0.682494
899.393 466.245 -92.3225 15.0409 -0.79955
176.6 488.038 -91.9984 3.3884 0.673428
181.28 495.598 -91.7933 3.19934 0.885185
205.39 487.641 -91.9962 4.22158 0.586306
305.517 484.306 -91.3457 6.04359 0.376713
307.349 488.073 -91.3036 6.0752 0.504708
408.012 490.616 -90.6437 7.97434 0.457847
665.597 483.582 -88.5333 12.9922 0.0960409
662.003 493.054 -90.3783 12.8046 0.0374168
667.285 488.582 -89.087 12.991 0.124757
691.546 487.826 -89.236 13.4213 0.047568
702.766 480.846 -89.1175 13.608 -0.0960766
704.219 487.919 -89.2424 13.6437 0.0343231
726.791 495.047 -90.0119 13.8969 0.0119128
738.308 481.958 -89.4087 14.1731 -0.166278
751.682 489.64 -89.811 14.3135 -0.110426
850.587 487.302 -91.769 14.8794 -0.471051
958.255 492.518 -92.9488 15.2149 -0.624229
411.144 508.989 -92.3606 9.06821 0.377403
493.298 506.696 -91.6058 10.1489 0.349733
583.153 497.324 -90.2583 11.4679 0.284894
597.39 509.352 -91.2277 11.7992 0.272369
631.896 501.311 -90.6692 12.3195 0.183182
662.818 499.175 -90.4294 12.8334 0.126563
710.977 498.781 -90.1693 13.6397 0.0821434
789.829 509.156 -90.9327 14.5652 0.0120398
825.469 502.806 -91.4278 14.7899 -0.201131
150.037 520.634 -74.1219 -27.9319 9.35273
212.405 524.195 -93.2873 6.09794 0.787495
370.428 516.877 -92.938 8.74527 0.414043
531.977 512.958 -91.992 10.9046 0.287776
572.396 521.378 -92.2332 11.5463 0.282193
641.51 519.81 -91.889 12.4731 0.220564
654.836 519.351 -91.8589 12.645 0.198433
666.841 517.452 -91.6947 12.8161 0.187279
681.458 519.979 -91.8379 12.9912 0.170369
696.442 514.208 -91.4515 13.2324 0.136229
806.604 525.86 -91.9126 14.4466 0.0448466
824.568 517.259 -92.2904 14.4651 -0.149012
145.507 539.97 -94.4787 6.56515 0.650365
408.463 536.052 -93.6805 9.81692 0.356007
454.865 539.603 -93.5686 10.3674 0.35545
585.063 538.174 -93.0216 11.8163 0.277507
627.458 535.079 -92.6412 12.2986 0.273519
632.752 531.851 -92.5129 12.3593 0.256444
652.796 530.596 -92.3277 12.6138 0.250969
658.825 538.967 -92.7291 12.6599 0.248598
675.848 543.329 -92.833 12.8389 0.246165
682.773 536.763 -92.6484 12.9323 0.206399
688.955 541.478 -92.8273 12.9809 0.20613
713.109 533.041 -92.3218 13.3173 0.188388
790.128 540.859 -92.6211 14.0518 0.103494
920.021 541.608 -92.937 15.0305 -0.120248
53.1118 549.983 -93.3551 1.95524 1.81992
439.898 552.761 -94.0707 10.4241 0.352953
494.978 555.194 -93.8847 10.9711 0.352272
497.65 545.825 -93.585 10.9036 0.342234
766.87 551.451 -93.0139 13.7167 0.161788
436.268 568.646 -94.4694 10.5895 0.364228
498.008 570.603 -94.3432 11.1656 0.329006
766.363 572.877 -93.7105 13.5367 0.181089
1012.41 564.266 -93.3429 15.4594 -0.0877289
423.602 588.288 -94.906 10.6985 0.365609
497.975 579.825 -94.5649 11.2454 0.320449
887.653 577.542 -93.6935 14.4386 0.0747236
571.802 592.801 -94.6664 11.9041 0.281653
216.553 612.533 -56.5917 -45.2972 29.9339
585.362 616.064 -95.0196 12.0515 0.286559
401.099 666.106 -95.4643 10.8345 0.714041
629.521 709.541 -95.8754 12.3742 0.311831
797.359 37.0373 -89.6221 13.9635 -7.00232
817.617 33.6139 -89.8893 14.1716 -6.79769
876.261 116.057 -91.1532 14.6163 -4.91415
677.623 142.746 -87.3095 12.4704 -7.12385
141.824 148.907 -85.5757 -6.56352 -10.3649
144.546 145.463 -85.4818 -6.57474 -10.5378
132.531 164.641 -86.4419 -5.8353 -9.35638
632.469 173.745 -83.9097 11.3759 -8.43072
653.856 164.894 -11.352 10.6927 -47.8016
876.621 166.402 -70.4849 22.4787 -14.6713
654.626 184.833 -86.1283 12.0644 -6.92504
658.971 184.945 -86.0568 12.2072 -6.90546
7.38389 206.72 -84.3777 -18.2619 -10.0794
23.9987 193.949 -83.6131 -18.4237 -11.0177
28.1652 202.314 -83.6448 -18.1379 -10.5676
33.7593 200.448 -83.2646 -18.3968 -10.8545
92.9228 210.495 -87.0498 -7.11862 -7.66129
88.659 217.414 -87.1689 -7.15544 -7.40753
178.714 213.767 -79.8159 -13.0342 -11.2689
56.2245 224.924 -82.4513 -18.5652 -10.0647
68.1084 248.6 -89.9742 -3.00083 -5.02005
110.527 243.459 -86.9004 -6.62438 -6.60792
181.305 251.201 -84.0878 -7.03676 -7.41035
202.038 240.603 -83.3267 -6.77716 -8.09763
649.453 254.209 -86.1015 12.1111 -5.36559
854.007 241.517 -91.2781 14.5952 -3.46974
7.85017 270.302 -91.7672 -1.6378 -3.78617
51.7197 265.302 -90.2784 -3.12934 -4.50827
167.326 271.173 -85.1096 -6.49242 -6.24709
187.179 257.091 -83.7022 -7.28494 -7.33817
184.197 268.241 -84.6567 -6.17019 -6.4986
209.189 259.731 -83.7478 -5.90981 -7.12683
228.224 260.877 -83.5258 -5.1119 -7.1086
255.479 262.884 -80.6697 -6.76453 -8.14157
259.54 267.101 -80.9789 -6.18597 -7.819
287.957 264.18 -79.3705 -6.02453 -8.53652
300.407 265.964 -78.9636 -5.62691 -8.52001
587.084 265.493 -78.7876 9.49737 -7.78417
859.625 268.165 -91.3789 14.6675 -3.12227
14.0259 272.702 -91.7672 -1.6378 -3.78617
23.7271 279.527 -91.5867 -1.61598 -3.67271
60.5152 274.952 -90.2791 -2.90356 -4.26604
128.867 281.732 -87.1765 -5.38175 -5.17173
156.242 275.101 -86.2972 -5.33959 -5.65814
163.249 286.876 -86.3288 -4.96098 -5.2657
211.274 276.988 -84.4605 -4.97842 -6.15464
222.92 272.689 -84.0163 -4.79874 -6.46038
208.773 281.085 -84.4824 -5.00432 -5.98747
298.988 274.781 -78.4318 -6.31623 -8.27391
304.211 276.445 -78.682 -5.77364 -8.04883
355.559 286.806 -65.1268 -12.8114 -11.9496
792.404 286.176 -90.3454 14.2591 -3.24846
801.159 284.248 -90.4641 14.3325 -3.2386
61.4751 294.546 -90.6653 -2.18089 -3.63469
73.2865 293.886 -90.0002 -2.9395 -3.86392
105.131 288.841 -89.3485 -2.79491 -4.18412
108.357 297.541 -89.3235 -2.80401 -3.95692
196.025 300.668 -85.4587 -4.58151 -4.98918
278.826 303.762 -79.6798 -6.45382 -6.47776
285.447 303.234 -79.5847 -6.12736 -6.48063
293.427 292.659 -80.211 -4.9359 -6.745
295.878 300.025 -80.1909 -4.88521 -6.40674
298.837 296.474 -80.5742 -4.34756 -6.56036
356.049 295.997 -65.4376 -12.5105 -11.1311
572.288 302.047 -75.1548 8.36661 -7.33156
602.163 304.029 -47.9042 7.29226 -14.425
647.873 289.992 -86.1003 12.1728 -4.53057
644.616 297.033 -85.3872 12.1038 -4.55647
671.871 291.638 -87.4759 12.6926 -4.06541
791.23 294.961 -90.3465 14.2627 -3.12719
174.009 305.646 -86.0508 -4.90686 -4.65706
186.453 313.597 -85.8479 -4.58425 -4.41634
222.771 306.27 -84.3912 -4.51121 -5.00125
224.182 318.271 -84.4498 -4.40676 -4.53648
296.941 315.649 -80.054 -4.93807 -5.73449
319.995 312.688 -67.4292 -14.7311 -9.38324
322.119 305.814 -77.9017 -5.22309 -6.77348
344.882 307.614 -66.1677 -13.1476 -9.93709
350.345 305.17 -65.9405 -12.7568 -10.1694
337.455 317.599 -74.3155 -7.17732 -7.10685
580.909 312.986 -77.7369 9.23238 -6.11362
582.745 317.545 -0.174514 -1.35753 -24.8505
645.117 318.609 -85.9269 12.1656 -3.86069
661.235 315.427 -86.8531 12.556 -3.72455
170.899 324.382 -86.7347 -4.16868 -3.82234
184.376 336.103 -86.3703 -4.05203 -3.48411
214.969 332.641 -84.609 -4.79997 -3.983
221.627 332.243 -84.4234 -4.64423 -4.05425
232.378 322.647 -84.2565 -4.21561 -4.48207
239.72 322.715 -84.0798 -4.03687 -4.43136
233.776 330.331 -84.1836 -4.24878 -4.13003
241.311 329.974 -84.0647 -3.99209 -4.18244
246.58 330.263 -84.09 -3.6667 -4.15279
261.121 323.206 -83.4011 -3.63572 -4.6039
292.268 330.1 -78.7552 -6.44854 -5.39625
363.078 332.69 -64.479 -12.5627 -8.28462
373.695 333.357 -70.1435 -7.46439 -6.97875
575.037 332.99 -76.5775 8.85386 -5.4843
585.341 321.621 -78.8206 9.63613 -5.48832
638.523 328.196 -85.1165 12.0342 -3.81747
709.214 332.366 -87.6161 13.5595 -3.17259
750.662 330.921 -89.289 14.0156 -2.84167
211.365 345.035 -84.8082 -4.7877 -3.45176
217.474 347.952 -84.6861 -4.63219 -3.33725
246.501 338.333 -83.997 -3.84452 -3.87205
251.295 338.817 -84.0 -3.52906 -3.8457
259.6 336.715 -83.5998 -3.51038 -4.00375
291.149 343.353 -80.0242 -5.41105 -4.37353
302.449 337.757 -78.3891 -6.23321 -4.97896
291.368 350.449 -79.9641 -5.47752 -3.85526
309.266 350.299 -76.8476 -7.21734 -4.59829
359.182 340.269 -66.0913 -11.7428 -7.09639
368.546 336.599 -63.4795 -12.7815 -8.10027
420.383 337.054 -58.5482 -10.0183 -9.02769
633.734 346.449 -12.5735 10.197 -16.3092
665.567 342.8 -87.5823 12.6849 -2.9591
689.872 339.759 -87.8668 13.1666 -2.97002
710.071 349.934 -87.6975 13.6113 -2.78576
721.117 347.993 -87.6336 13.8348 -2.85408
727.829 348.307 -87.5284 13.9852 -2.85469
737.327 340.335 -87.5454 14.1424 -3.0119
28.8917 363.959 -91.9185 -1.17137 -1.75138
97.3411 362.518 -90.1923 -2.00852 -2.02001
255.989 365.795 -83.7569 -3.66882 -2.77916
263.526 355.532 -83.4737 -3.5161 -3.24858
290.445 362.047 -80.5613 -4.97972 -3.37195
310.395 357.756 -77.2775 -6.7626 -4.06887
332.334 367.314 -77.9071 -4.67259 -3.50295
367.78 359.63 -71.1628 -7.16371 -4.83889
375.443 357.32 -72.6748 -5.54338 -4.78117
379.15 360.516 -73.4124 -4.66855 -4.50988
568.111 361.187 -74.5308 8.28034 -4.44196
593.154 358.139 -80.8816 10.3494 -3.63588
612.268 355.929 -83.875 11.2868 -3.25997
643.972 353.06 -86.1969 12.2421 -2.96457
643.469 357.709 -86.231 12.2362 -2.85398
650.387 366.287 -86.4812 12.4398 -2.59278
686.402 353.395 -87.881 13.1272 -2.68833
704.248 364.618 -87.7199 13.5339 -2.47516
758.362 356.661 -89.7753 14.09 -2.33049
781.872 364.32 -89.3487 14.5705 -2.27117
22.9772 374.238 -91.9703 -1.32359 -1.51794
24.6472 370.021 -92.0115 -1.14561 -1.60015
50.7876 377.359 -91.4125 -1.51392 -1.49911
76.9196 370.107 -90.7784 -1.74438 -1.74753
92.7642 376.804 -90.3392 -1.99238 -1.63738
106.168 373.248 -89.9082 -2.2083 -1.76498
154.665 368.104 -88.1458 -2.99646 -2.12232
163.713 373.781 -87.7682 -3.19285 -1.98012
165.929 377.861 -87.7926 -3.04458 -1.85755
175.809 379.461 -87.2999 -3.32559 -1.84673
242.371 371.828 -90.8417 4.00716 -1.78043
260.621 374.237 -90.4559 4.07016 -1.7659
292.346 370.439 -90.6686 5.19607 -1.84359
305.175 373.356 -79.8386 -4.78204 -2.91268
360.261 379.909 -67.504 -10.6259 -3.75506
364.629 383.229 -71.2518 -7.42428 -3.19603
415.557 382.284 -63.7456 -7.432 -3.97837
566.278 381.943 -73.2452 8.03228 -3.43558
571.491 383.178 -76.6394 8.91007 -3.08789
601.562 381.457 -82.0715 10.8711 -2.642
703.48 373.794 -87.7149 13.5436 -2.28665
690.641 381.492 -87.8187 13.2918 -2.10163
740.557 383.326 -87.4045 14.3916 -2.14868
744.85 379.884 -89.3467 14.0236 -1.99718
755.204 374.266 -89.7487 14.0853 -2.04589
769.092 381.723 -89.8447 14.2942 -1.92032
79.5744 396.231 -90.7893 -1.76642 -1.09112
92.2861 398.309 -90.4501 -1.91643 -1.05197
100.321 398.393 -90.2092 -2.02755 -1.0596
119.467 399.077 -89.5205 -2.45926 -1.06881
134.828 391.983 -89.0869 -2.47199 -1.29685
135.316 397.738 -89.1281 -2.4063 -1.12587
397.551 384.746 -64.0325 -9.29348 -3.67166
403.647 384.927 -65.8975 -7.43285 -3.5893
542.33 394.114 -62.2106 4.08041 -3.48281
583.028 385.257 -79.2565 9.83005 -2.73701
584.157 396.316 -79.2443 9.9618 -2.23369
591.202 394.1 -80.8688 10.4015 -2.25117
596.906 388.632 -81.844 10.7016 -2.40028
600.411 397.472 -82.1232 10.8818 -2.06389
638.318 398.443 -86.2275 12.2215 -1.78997
706.508 392.462 -87.6611 13.6677 -1.89938
786.455 398.121 -90.3304 14.44 -1.62975
828.705 385.622 -91.2152 14.6441 -1.74485
120.512 407.181 -89.5282 -2.4432 -0.822462
136.764 405.205 -89.1076 -2.42437 -0.905999
346.877 404.85 -89.0368 5.24534 -1.21994
365.536 406.001 -87.6136 4.75774 -1.23077
390.231 404.224 -65.0861 -9.29025 -1.92349
387.97 410.642 -67.4096 -8.0388 -1.31414
391.828 415.847 -65.241 -9.0485 -0.748751
403.765 414.717 -64.2713 -8.38493 -1.02615
520.766 412.678 -35.5621 -5.18821 -2.30092
546.326 401.617 0.738172 -9.17078 -5.81923
555.987 407.383 16.8468 -9.63002 -5.15004
715.711 403.829 -87.5834 13.8936 -1.68283
839.881 405.472 -91.277 14.7891 -1.48699
12.3216 425.514 -92.4136 -0.965524 -0.368363
28.8898 429.111 -92.0891 -1.17507 -0.271555
87.8645 425.416 -90.8974 -1.3566 -0.34674
108.406 417.042 -90.0455 -2.08177 -0.553684
100.148 426.968 -90.7888 -1.10059 -0.312818
125.914 430.439 -89.7535 -1.94226 -0.18651
137.802 419.899 -89.0432 -2.58235 -0.456999
181.306 429.468 -88.2314 -1.90245 -0.18656
185.812 427.366 -88.3773 -1.47405 -0.291707
317.133 423.284 -90.9434 6.04363 -0.77877
322.952 421.208 -90.4707 5.7732 -0.817301
324.114 431.17 -90.5708 5.85594 -0.54415
540.086 426.541 -62.6107 4.21113 -0.682626
544.227 428.098 -64.8465 5.08519 -0.576102
548.489 427.433 -67.8613 6.0535 -0.72268
555.444 427.248 -71.0552 7.16226 -0.760222
751.841 419.448 -89.7314 14.1511 -1.29974
758.683 431.24 -89.8281 14.2622 -1.10895
771.786 418.622 -90.0049 14.3746 -1.3132
29.0902 434.176 -92.1144 -1.14407 -0.156926
45.2041 432.916 -91.7842 -1.26894 -0.173196
61.1834 438.921 -91.4351 -1.43652 -0.0139666
54.7226 441.632 -91.6062 -1.32354 0.0442103
91.1668 440.7 -90.9075 -1.29919 0.041742
132.113 446.864 -89.5957 -2.01319 0.317213
382.558 435.814 -86.6689 4.69265 -0.379595
408.279 435.597 -65.3694 -7.23872 0.783941
405.137 444.333 -74.9109 -1.7226 0.812036
468.768 432.432 -57.4983 -4.6686 0.426674
501.298 433.25 -45.116 -5.02985 0.817112
500.498 437.841 -63.0766 0.703875 0.465997
508.65 433.467 -54.1323 -1.08597 0.447013
569.734 438.053 -76.6951 9.03767 -0.290494
575.961 445.992 -77.6031 9.5208 0.0151233
577.118 438.973 -78.1697 9.62421 -0.321562
621.554 446.695 -84.8024 11.8926 -0.452988
625.507 444.568 -85.1347 12.023 -0.531398
670.486 438.119 -87.9652 13.0196 -0.863848
714.531 447.574 -88.9451 13.7525 -0.758435
722.171 445.11 -88.7743 13.9281 -0.804566
757.358 442.897 -89.8299 14.2715 -0.902291
15.5863 448.371 -92.4469 -0.975288 0.142307
19.1363 452.677 -92.4137 -0.941887 0.241701
95.2513 463.62 -91.5481 0.00316461 0.4828
133.006 451.439 -89.8061 -1.66148 0.409536
225.388 460.594 -92.3751 5.29736 -0.0765884
295.453 449.328 -91.5457 6.05823 -0.285671
303.765 463.944 -91.3334 6.0431 0.00893123
331.826 456.84 -90.0256 5.59427 -0.00469575
337.883 455.23 -89.8567 5.62941 -0.0315254
348.651 452.583 -89.193 5.39733 -0.0374215
354.51 450.96 -88.7986 5.2813 -0.0502144
377.029 459.869 -87.0574 4.73792 0.361319
449.89 453.993 -82.6338 5.09063 0.425565
451.208 458.781 -84.0948 5.84917 0.440531
529.781 451.133 -64.8025 3.81276 1.22332
642.427 458.246 -86.4492 12.5038 -0.277179
645.704 462.717 -86.9233 12.5899 -0.185941
678.298 463.15 -89.148 13.1281 -0.410049
706.822 451.365 -89.1525 13.5948 -0.667537
746.006 450.152 -89.6789 14.1475 -0.768005
751.365 463.829 -89.8037 14.2385 -0.542225
797.944 456.059 -90.7907 14.6026 -0.755274
817.616 457.644 -91.1928 14.6903 -0.795575
843.655 454.948 -67.0905 24.9978 -0.0837141
839.529 458.615 -91.3385 14.8808 -0.803316
871.781 462.827 -91.7091 15.0686 -0.791882
107.583 470.135 -91.6043 0.533273 0.588154
121.185 468.993 -91.234 0.332324 0.614263
189.913 467.165 -92.5687 4.676 0.0763125
260.55 470.424 -92.2227 5.94916 0.0585695
305.517 473.414 -91.2906 6.03195 0.201707
369.296 472.574 -88.104 5.20428 0.639849
452.387 473.524 -88.0106 7.73841 0.422697
493.157 471.68 -87.4061 8.66665 0.344196
494.188 479.54 -88.7295 9.15703 0.354878
523.213 465.78 -85.9025 9.1034 0.283426
574.637 467.908 -85.3518 10.6 0.26297
634.937 464.61 -86.2954 12.3478 -0.0539542
702.231 465.257 -88.9025 13.5964 -0.377146
719.975 472.984 -89.0757 13.9091 -0.270113
749.667 475.076 -89.7733 14.2563 -0.335938
754.485 468.014 -89.825 14.2926 -0.467067
753.718 474.155 -89.8 14.3074 -0.400384
817.297 469.516 -91.2433 14.6912 -0.623018
823.012 468.635 -85.3268 17.0298 -0.279165
918.922 469.776 -92.4955 15.1244 -0.784388
117.663 486.633 -86.776 -8.16647 2.51842
151.493 483.182 -91.7387 2.20725 0.726009
181.948 488.298 -92.5926 4.46637 0.473719
221.939 494.692 -92.3888 5.16225 0.554335
274.135 481.633 -92.0583 6.05517 0.272107
394.88 484.256 -90.0365 7.28494 0.47725
494.99 490.979 -90.3159 9.73251 0.33288
498.97 489.996 -90.1454 9.75505 0.335161
519.348 486.605 -89.4709 9.99216 0.332952
542.399 485.139 -81.9387 8.97722 1.4585
594.703 485.55 -88.8486 11.527 0.241329
602.268 486.232 -88.8659 11.7134 0.225223
720.163 493.21 -89.6893 13.8467 0.0366799
733.167 482.219 -89.4206 14.0965 -0.138806
752.219 485.214 -89.8259 14.3038 -0.171405
755.65 488.719 -89.847 14.367 -0.126599
775.534 485.719 -90.3728 14.4931 -0.267709
815.972 483.064 -91.2438 14.6951 -0.440256
827.427 493.978 -91.4466 14.7813 -0.327156
839.493 495.512 -91.6334 14.844 -0.33559
843.079 492.763 -91.6691 14.866 -0.385228
863.627 494.138 -91.9509 14.9488 -0.423084
941.563 481.693 -92.6881 15.2251 -0.700886
972.502 494.902 -93.1564 15.1909 -0.632352
138.02 511.256 -93.6205 4.97958 0.642467
489.108 502.252 -91.3579 9.99228 0.341554
599.82 497.474 -87.878 11.5955 0.675516
615.316 509.615 -91.0526 12.0745 0.285021
757.936 512.244 -91.0482 14.1243 0.0868974
770.517 497.061 -90.7357 14.3711 -0.109524
769.522 510.392 -91.0665 14.2617 0.0350164
786.332 501.527 -90.7231 14.5678 -0.0715854
834.893 498.396 -91.5671 14.8236 -0.291907
654.335 514.95 -91.656 12.6427 0.177007
649.091 525.367 -91.9739 12.5755 0.262122
674.373 516.185 -91.5775 12.9213 0.177846
685.899 512.474 -91.2838 13.1061 0.161133
680.75 523.821 -92.0583 12.9664 0.177123
718.214 517.499 -91.6427 13.4853 0.117397
779.158 520.522 -91.614 14.2242 0.0688022
455.447 531.502 -93.3458 10.2711 0.324104
491.301 543.351 -93.6419 10.8457 0.308468
560.9 528.757 -92.6315 11.4575 0.30746
569.58 533.185 -92.9017 11.6061 0.276788
674.175 539.242 -92.7122 12.8344 0.231741
711.718 528.709 -92.2464 13.3081 0.151701
810.442 539.477 -92.4727 14.2992 0.0923242
833.217 542.406 -92.5137 14.5105 0.0875699
75.072 554.689 -95.2077 6.67822 0.599277
314.647 545.056 -94.2372 8.95789 0.437092
667.847 551.41 -93.1664 12.7334 0.260576
685.07 550.763 -93.1253 12.9182 0.240967
730.805 552.925 -93.1422 13.3527 0.190722
366.829 574.576 -94.8308 10.083 0.376417
513.213 571.926 -94.2992 11.3032 0.33599
545.432 567.136 -94.1228 11.57 0.30377
679.669 575.63 -93.9067 12.7849 0.262791
742.734 575.45 -93.7917 13.3261 0.210381
804.28 570.814 -93.5726 13.8737 0.152965
908.654 574.975 -93.4795 14.6984 0.0887969
337.996 583.019 -95.0463 9.95254 0.394882
712.963 578.676 -93.8616 13.0735 0.261089
784.337 582.825 -93.9397 13.6075 0.176723
326.734 602.056 -95.3826 10.1249 0.393229
721.902 598.779 -94.3169 13.0638 0.261733
411.75 622.459 -95.4659 10.9169 0.35394
436.414 620.118 -95.4326 11.0873 0.319989
308.026 633.179 -95.8017 10.3429 0.387016
407.431 639.693 -95.6632 11.002 0.358674
563.085 631.895 -95.2352 11.9328 0.322772
624.133 627.273 -95.0548 12.3239 0.294016
813.315 631.534 -94.7158 13.5559 0.236986
504.665 675.406 -95.8399 11.7115 0.320416
617.686 718.328 -95.9306 12.3213 0.332392
506.75 735.645 -96.2097 11.8439 0.350201
784.875 28.2086 -88.7914 13.9112 -7.78702
94.8719 136.759 -86.9964 -6.67038 -9.96217
133.507 146.557 -86.1355 -6.11795 -10.0674
146.64 156.775 -85.6507 -6.26374 -10.0325
671.504 144.216 -86.8714 12.3475 -7.35287
718.065 184.046 -87.7045 13.3374 -6.03487
21.391 197.835 -83.7051 -18.5297 -10.7976
24.3611 193.623 -83.6131 -18.4237 -11.0177
88.6977 222.275 -87.2277 -7.0812 -7.2001
172.637 216.599 -80.5491 -12.4291 -10.7619
169.394 221.659 -80.8796 -12.2732 -10.3731
57.1688 237.513 -89.5223 -4.36161 -5.56352
138.54 231.397 -86.3997 -5.89996 -7.14436
669.368 225.555 -86.9392 12.4905 -5.63679
913.956 230.7 -92.0375 14.8446 -3.2627
179.802 244.68 -83.8129 -7.51884 -7.8123
191.988 245.198 -83.7462 -6.89189 -7.76661
904.539 250.682 -91.9903 14.8198 -3.08978
12.4382 266.074 -91.5564 -2.03707 -3.98865
43.9158 262.438 -90.415 -3.21379 -4.53112
198.568 261.651 -84.1263 -6.03846 -6.93165
219.212 268.178 -83.9477 -5.13931 -6.68801
264.308 263.355 -54.8729 -33.9799 -18.8354
256.181 271.215 -80.918 -6.49989 -7.65313
587.813 265.965 -78.7876 9.49737 -7.78417
854.652 266.998 -91.2937 14.648 -3.17611
901.397 259.551 -91.9482 14.8262 -3.01429
69.2129 282.231 -90.1445 -2.79719 -4.08225
95.5393 284.204 -89.6688 -2.63412 -4.19076
99.4157 278.302 -89.5894 -2.5604 -4.36165
265.875 278.379 -80.8223 -5.99518 -7.34638
279.268 284.253 -80.8023 -5.15022 -7.00252
288.51 286.82 -80.5256 -4.92626 -6.97697
306.978 281.983 -79.4098 -4.86351 -7.57027
659.166 283.954 -86.6826 12.4254 -4.47457
776.336 282.215 -89.8722 14.1544 -3.45607
169.189 300.324 -86.1187 -5.04842 -4.83095
186.496 296.95 -85.8375 -4.50544 -5.00264
198.157 301.77 -85.3977 -4.53759 -4.9599
252.16 289.446 -84.0052 -3.32618 -5.74929
318.883 295.368 -78.9351 -4.50138 -6.99781
321.908 290.113 -78.5813 -4.60532 -7.36939
359.294 290.938 -64.7828 -12.7221 -11.6962
580.639 298.289 -77.6462 9.17623 -6.79723
597.253 301.764 -81.4529 10.3845 -5.57442
767.319 302.351 -89.8596 14.0699 -3.16123
813.787 288.27 -90.7388 14.422 -3.09151
194.211 306.142 -85.589 -4.51169 -4.74851
233.742 308.649 -83.8887 -4.53353 -5.06787
239.145 312.245 -83.7591 -4.3518 -4.99743
244.341 308.483 -84.1222 -3.6963 -4.99095
287.184 308.799 -81.7261 -3.83826 -5.64591
302.262 314.919 -78.1641 -6.40433 -6.36059
330.489 309.916 -77.3913 -5.12654 -6.69607
356.871 317.382 -66.9521 -11.3497 -8.9558
400.008 312.627 -63.704 -9.15605 -10.0113
640.143 316.97 -85.7364 12.049 -3.97195
670.433 305.459 -87.4176 12.7024 -3.79042
758.948 318.241 -89.6642 14.0305 -2.96657
771.427 306.629 -89.9004 14.1334 -3.07925
162.367 331.898 -87.8102 -2.97921 -3.28267
239.76 321.672 -84.0542 -4.06735 -4.51815
226.13 330.926 -84.3305 -4.51238 -4.1136
267.284 334.18 -82.9022 -3.8456 -4.24194
286.738 331.323 -80.4941 -5.19174 -4.90434
652.823 327.593 -86.6115 12.3897 -3.51077
687.029 329.667 -87.8005 13.0893 -3.1848
697.043 330.898 -87.7426 13.3037 -3.18162
843.316 333.331 -91.2571 14.6783 -2.39268
15.76 344.011 -91.9933 -1.36916 -2.17794
113.385 347.772 -89.4016 -2.67651 -2.53143
158.541 337.339 -87.8443 -3.15542 -3.15583
228.803 342.318 -84.3755 -4.3585 -3.64877
225.498 347.624 -84.3381 -4.65071 -3.44642
241.433 341.824 -84.0121 -4.09386 -3.68124
353.512 338.365 -66.012 -12.4344 -7.41437
373.555 350.414 -72.5714 -5.70946 -5.29736
380.305 351.08 -70.0069 -6.73203 -5.7331
568.649 337.367 -74.6512 8.24722 -5.67478
706.036 344.757 -87.7495 13.5102 -2.89566
25.0179 355.985 -91.8604 -1.40462 -1.93274
81.6239 354.647 -90.5684 -1.87647 -2.16529
149.417 355.856 -88.2631 -2.97473 -2.49162
232.408 358.651 -87.0623 -0.879456 -2.6177
247.95 358.565 -84.1487 -3.61416 -3.0041
259.989 359.85 -83.779 -3.38706 -3.00849
542.788 361.258 -65.2959 4.74813 -5.69935
562.728 352.885 -94.4486 11.6329 -1.60694
578.977 362.238 -77.6662 9.33603 -3.94173
613.399 367.73 -83.8681 11.3662 -2.89251
632.521 364.86 -85.0075 11.9597 -2.83906
734.779 356.356 -87.4441 14.1621 -2.69733
803.309 366.647 -90.8901 14.4205 -2.0197
815.219 363.331 -90.9279 14.5405 -2.06874
822.701 352.026 -91.0876 14.5466 -2.18557
127.839 381.841 -89.2001 -2.55731 -1.59018
255.334 370.476 -90.658 4.1674 -1.83392
265.754 370.705 -90.6732 4.46115 -1.83113
331.64 380.363 -79.6015 -3.16878 -2.63517
342.207 369.417 -74.3705 -6.86432 -3.75125
376.464 370.401 -71.4002 -6.25073 -4.14702
588.424 383.142 -58.2499 7.61295 -4.75109
597.578 368.612 -81.5702 10.6248 -3.15594
706.82 378.574 -87.6845 13.629 -2.19304
802.721 376.639 -90.8372 14.4457 -1.89535
125.39 394.432 -89.2923 -2.56601 -1.22314
206.768 385.296 -85.6123 -4.1275 -1.80304
201.665 392.727 -85.9337 -4.00644 -1.47277
390.992 385.393 -65.2728 -9.09814 -3.51646
534.655 393.442 -56.2594 1.87952 -3.83142
557.487 385.71 -69.9718 6.90256 -3.53601
572.145 389.376 -76.3593 8.93009 -2.76235
338.189 404.676 -89.4698 5.3525 -1.19834
398.076 404.306 -64.0371 -9.14427 -1.97915
396.554 415.956 -64.3593 -9.10333 -0.842989
512.467 404.327 4.91298 -18.9583 -5.19602
516.847 408.117 1.54618 -16.728 -4.23802
724.58 400.092 -87.5137 14.0731 -1.75662
767.432 400.29 -89.8638 14.3054 -1.62632
841.197 410.985 -91.2689 14.8206 -1.41502
873.802 409.563 -91.7229 14.9681 -1.42413
134.701 426.45 -89.2956 -2.31122 -0.26387
244.79 417.195 -91.0626 4.2494 -0.823663
267.722 428.859 -91.6298 5.50461 -0.646143
335.921 429.29 -89.7304 5.45902 -0.667615
361.496 421.226 -88.0308 4.92842 -0.810252
436.829 424.79 14.5712 -45.0372 1.30038
484.971 423.46 -71.1958 2.33207 -0.829176
566.441 428.47 -74.3473 8.41544 -0.806311
634.546 419.228 -17.7933 11.8346 -2.47067
636.773 424.614 -86.0334 12.2746 -1.13167
691.731 420.265 -87.7884 13.4257 -1.27422
751.218 420.047 -89.7616 14.1374 -1.28828
14.9585 440.152 -92.4271 -0.957507 -0.0350082
99.2181 432.612 -90.9641 -0.823456 -0.185189
139.022 442.939 -89.5596 -1.75269 0.173844
151.472 440.497 -89.7614 -0.861952 0.0501333
322.086 437.475 -90.5708 5.85594 -0.54415
333.328 435.072 -89.9332 5.56734 -0.487204
377.768 441.249 -86.6265 4.4501 -0.154009
383.694 445.412 -86.3891 4.54004 -0.0755937
476.644 446.771 -77.5461 4.26109 0.410817
582.356 434.138 -79.3154 9.99608 -0.642074
604.648 447.496 -82.9603 11.2625 -0.289967
706.396 444.315 -88.8491 13.6238 -0.808488
761.807 445.074 -89.8387 14.3397 -0.874674
107.657 457.797 -91.1139 -0.348216 0.403145
159.693 458.004 -90.1746 0.0579565 0.453893
195.88 452.777 -92.4701 4.73062 -0.174473
316.749 457.194 -90.8813 5.94815 -0.0785125
452.522 456.402 -83.523 5.63378 0.42287
589.601 449.192 -81.3014 10.5745 -0.091053
632.249 449.461 -85.6455 12.2147 -0.425768
647.684 454.356 -86.4933 12.6244 -0.379923
737.6 453.689 -89.3722 14.0999 -0.684917
783.715 460.269 -90.4856 14.507 -0.692682
803.298 456.423 -90.9708 14.5892 -0.776526
812.21 457.617 -91.127 14.642 -0.777376
36.8085 468.752 -92.2326 -0.793853 0.608719
212.553 476.642 -92.483 5.09541 0.221023
236.824 477.617 -92.3637 5.52869 0.212672
247.783 477.484 -92.2546 5.66002 0.211636
267.979 469.838 -92.0455 5.91284 0.0716347
317.934 473.295 -90.7631 5.85239 0.260392
379.547 467.68 -87.0343 4.80997 0.589793
641.228 466.804 -87.5039 12.4893 -0.124604
710.807 465.211 -88.9462 13.756 -0.393928
965.741 470.042 -92.7611 15.3399 -0.842671
650.031 492.771 -89.8968 12.6321 0.119921
657.085 493.422 -90.0 12.7515 0.112302
816.503 483.685 -91.2438 14.6951 -0.440256
828.41 487.28 -91.4503 14.779 -0.414324
822.893 488.652 -91.3684 14.7523 -0.388594
861.958 488.713 -91.9134 14.9354 -0.481489
151.663 503.335 -93.1507 4.52924 0.655251
180.117 499.497 -92.6969 4.53143 0.66748
636.605 502.284 -90.7302 12.4009 0.184326
663.917 509.093 -91.2972 12.7915 0.148886
686.94 507.629 -91.1733 13.1278 0.107528
889.487 498.843 -92.2551 15.0627 -0.423556
930.902 496.066 -92.6378 15.1896 -0.540756
335.27 526.639 -93.4179 8.54346 0.473397
557.86 522.034 -92.7498 11.421 0.182984
662.252 519.683 -91.9425 12.7359 0.177616
688.429 523.596 -92.0241 13.0622 0.166553
722.638 525.117 -92.0802 13.4608 0.122938
766.851 515.331 -91.2795 14.1769 0.0749484
777.957 512.423 -91.2363 14.3236 0.0272373
787.281 522.271 -91.7214 14.2936 0.0659112
797.785 523.635 -91.8983 14.3515 0.0272789
979.755 513.985 -93.075 15.3395 -0.453685
327.108 531.713 -93.7311 8.6822 0.445509
461.692 532.285 -93.286 10.3277 0.33909
771.338 541.258 -92.6411 13.8646 0.128437
802.781 534.63 -92.2959 14.2817 0.0805033
493.931 547.721 -93.7369 10.9082 0.322304
500.094 549.856 -93.8526 11.0194 0.294289
575.583 554.96 -93.6682 11.7928 0.288601
765.011 545.931 -92.8457 13.7464 0.143299
997.286 545.036 -93.2281 15.4052 -0.219309
698.946 561.109 -93.3721 13.0222 0.258036
499.619 590.318 -94.7386 11.3156 0.337981
693.201 587.444 -94.1302 12.8748 0.273186
727.11 585.083 -79.7549 16.6356 5.17446
239.246 599.839 -95.5483 9.43256 0.436452
310.205 595.681 -95.33 9.91872 0.405415
378.167 595.866 -95.1467 10.4237 0.380305
779.785 604.797 -94.4086 13.4456 0.205515
820.171 603.007 -94.2491 13.76 0.195513
489.643 617.474 -95.2843 11.426 0.307415
339.396 625.372 -95.6518 10.4679 0.380307
413.503 628.687 -95.5271 10.9655 0.359181
594.456 625.198 -95.1131 12.1272 0.293624
827.355 636.831 -94.7799 13.6128 0.230009
500.618 644.118 -95.5158 11.5838 0.337467
188.652 658.963 -83.6249 -9.90608 12.9195
85.4367 700.51 -86.8563 -12.789 13.8871
372.122 716.399 -86.1477 3.73427 10.4083
869.915 736.546 -95.6792 13.4516 0.293961
798.828 78.9899 -89.803 14.0289 -6.2895
823.77 71.3382 -90.5498 14.1495 -5.86622
808.785 88.6551 -90.2361 14.0807 -5.8886
101.179 106.25 -86.71 -6.66879 -11.0765
99.7497 123.329 -86.8308 -6.60929 -10.4523
114.425 125.849 -86.6145 -6.24053 -10.4522
100.878 130.961 -86.8365 -6.6234 -10.2088
115.47 139.899 -86.6173 -6.25688 -10.012
122.642 137.728 -86.4298 -6.16648 -10.1955
130.607 133.157 -86.22 -6.0771 -10.4411
109.951 156.187 -86.7294 -6.43769 -9.48104
119.328 149.927 -86.5772 -6.20679 -9.68437
126.301 163.437 -86.3896 -6.17859 -9.39032
890.375 165.419 -69.8663 23.2891 -14.9823
110.144 176.561 -86.7698 -6.47451 -8.8133
125.899 190.825 -86.5576 -6.07065 -8.39397
629.267 188.653 -84.2368 11.3422 -7.85429
683.737 187.569 -87.7592 12.6765 -6.00161
15.2207 202.114 -84.0388 -18.3628 -10.4502
121.333 196.727 -86.6009 -6.26793 -8.21683
52.3459 220.105 -82.5745 -18.5597 -10.2743
135.397 212.459 -86.3819 -5.98165 -7.79444
193.098 223.234 -82.4627 -8.42611 -9.29646
95.1748 236.966 -87.1434 -6.99407 -6.74933
791.078 224.857 -89.9275 14.2118 -4.26204
19.6878 251.769 -90.8709 -3.23202 -4.63394
38.607 240.951 -90.1526 -3.88679 -5.21478
617.695 246.769 -83.4978 11.104 -6.60886
845.196 245.58 -91.2504 14.5191 -3.43702
860.135 241.226 -68.7965 23.0192 -11.8356
870.28 253.201 -91.5484 14.6852 -3.23376
886.977 244.574 -91.7587 14.7471 -3.24262
156.423 269.207 -86.1779 -5.4876 -5.91679
205.331 265.87 -84.1026 -5.69743 -6.76138
220.497 262.342 -83.7107 -5.30717 -6.99504
295.759 270.716 -78.8728 -5.99658 -8.30866
630.198 261.923 23.6254 6.38749 -44.1666
876.258 257.7 -91.6383 14.7156 -3.14278
881.381 263.908 -91.6918 14.7575 -3.06533
895.203 266.718 -91.851 14.8277 -2.9816
164.637 276.404 -86.2835 -4.92701 -5.60197
266.361 272.347 -80.9898 -5.77579 -7.55321
271.17 284.196 -80.4507 -6.09795 -7.1822
285.157 280.48 -80.4444 -5.22398 -7.30421
288.086 273.795 -80.1578 -5.31888 -7.71863
300.317 281.175 -80.1278 -4.58017 -7.33583
595.725 275.307 -80.8675 10.1793 -6.66906
604.116 273.895 -81.5129 10.5609 -6.46802
792.873 273.123 -89.639 14.4225 -3.6594
126.733 294.756 -88.4983 -3.34546 -4.26339
174.409 295.783 -86.0224 -4.8772 -5.00296
162.36 298.384 -86.2311 -5.22888 -4.87183
664.839 288.321 -87.1023 12.5484 -4.26519
877.804 289.082 -91.7245 14.7572 -2.78755
157.87 304.274 -86.4469 -5.17677 -4.6106
283.878 304.453 -80.1977 -5.58148 -6.27474
310.533 304.924 -80.0679 -4.01125 -6.30291
642.466 307.427 -85.3665 12.0553 -4.32563
668.414 314.958 -87.4308 12.6865 -3.59185
827.092 317.491 -91.2329 14.4791 -2.5986
563.549 334.309 -73.6186 7.74137 -6.05427
659.196 330.629 6.86158 15.0196 -23.3235
882.922 329.962 -91.7452 14.8815 -2.32533
15.4505 343.92 -91.9933 -1.36916 -2.17794
72.9192 339.531 -90.7029 -1.88234 -2.52093
202.152 338.983 -85.2784 -4.63163 -3.60383
210.112 335.709 -84.9102 -4.6452 -3.74787
235.209 342.795 -84.1244 -4.31469 -3.6543
295.865 340.881 -79.3131 -5.78335 -4.64224
377.591 343.969 -72.7513 -5.1679 -5.81437
540.501 351.639 -61.0255 3.40477 -7.2011
618.103 348.318 -84.0873 11.4563 -3.46243
700.466 348.12 -87.7751 13.4039 -2.81609
715.71 347.765 -87.672 13.7254 -2.83121
742.809 345.753 -88.8039 14.0214 -2.67636
881.77 339.401 -86.2927 17.2743 -3.30042
316.178 354.541 -79.4384 -4.3443 -3.90658
335.583 363.329 -76.3102 -5.75713 -3.88572
548.989 352.918 -68.4038 5.89633 -5.84178
584.905 358.019 -79.4806 9.83492 -3.83146
606.799 364.11 -83.3581 11.0947 -3.0724
619.015 365.831 -84.0961 11.5367 -2.94049
625.918 365.621 -84.4767 11.7855 -2.84026
764.967 356.066 -89.8448 14.1622 -2.32609
249.169 375.184 -90.632 3.94404 -1.73512
376.125 376.78 -70.0317 -7.27429 -3.82597
385.212 379.57 -69.9861 -6.59037 -3.68444
556.327 373.041 -69.4172 6.68597 -4.38392
595.432 380.259 -25.244 4.86737 -8.36818
767.91 376.342 -89.812 14.267 -2.0114
244.995 398.899 -90.9193 4.12867 -1.20275
396.956 390.397 -65.6272 -8.27044 -3.10558
546.834 389.771 -66.5605 5.45525 -3.50076
563.991 393.918 -73.1184 7.93386 -2.81564
629.983 398.927 -84.9484 11.9927 -1.86843
847.619 394.262 -91.2712 14.8525 -1.63818
975.15 399.457 -92.7439 15.2834 -1.49367
126.361 403.611 -89.2596 -2.63794 -0.939875
133.07 409.271 -89.1855 -2.47987 -0.777301
210.061 407.537 -91.7758 4.24475 -1.03923
308.758 415.154 -90.8292 5.72531 -0.967621
415.085 405.314 -63.3111 -7.66011 -1.91692
710.37 405.184 -87.6243 13.7847 -1.63406
748.794 414.27 -89.6461 14.1102 -1.39559
766.303 415.997 -89.9121 14.3181 -1.35861
798.415 404.488 -90.8741 14.449 -1.50982
809.346 412.597 -90.9446 14.5693 -1.40308
911.263 409.279 -92.2497 15.0616 -1.42248
977.326 407.166 -92.7378 15.316 -1.43184
15.5522 416.576 -92.3216 -1.03859 -0.550547
116.387 419.013 -89.8275 -2.14562 -0.487227
202.767 419.547 -91.7363 3.95345 -0.762327
305.177 431.281 -91.2248 6.00133 -0.622529
395.043 424.353 -60.5793 -11.7509 -0.0348392
412.33 425.464 -67.262 -5.7362 -0.197128
428.132 416.401 -25.6674 -26.6962 -0.529056
442.474 428.848 -41.397 -15.8861 0.801367
453.337 427.482 -30.5068 -18.7369 0.864289
560.803 429.999 -72.5786 7.82589 -0.63714
630.033 424.014 -84.9525 12.076 -1.1471
716.414 422.03 -87.5576 13.9681 -1.26102
22.0752 433.103 -92.2682 -1.03753 -0.189155
358.967 431.951 -88.396 5.10425 -0.526938
594.737 444.505 -82.4882 10.8707 -0.322012
174.321 450.516 -88.8224 -1.42138 0.410489
225.004 462.559 -92.4137 5.3352 -0.0424842
257.652 454.215 -92.1526 5.80165 -0.211155
514.204 452.904 -79.9276 7.06151 0.418933
552.368 458.37 -82.0925 9.25499 0.323807
564.128 459.611 -83.6855 9.99696 0.200946
585.852 457.638 -82.7896 10.5814 0.191739
631.424 457.096 -85.5688 12.2171 -0.1935
685.173 463.591 -89.0746 13.2557 -0.4069
761.715 453.975 -89.9159 14.3431 -0.725042
791.686 462.866 -90.7629 14.5308 -0.653314
905.336 451.263 -92.3285 15.0597 -0.967322
226.605 477.365 -92.4244 5.3655 0.215788
489.584 466.391 -86.3793 8.21482 0.338565
633.655 470.41 -87.1536 12.31 0.0158963
813.522 464.269 -91.1462 14.6597 -0.683733
890.066 477.265 -92.2347 15.0257 -0.664123
943.909 468.419 -92.6827 15.218 -0.832307
157.409 488.484 -92.3428 3.3852 0.632467
199.262 489.627 -92.0501 4.12496 0.623266
660.289 484.455 -88.7357 12.8709 0.102332
787.554 494.087 -90.6853 14.5739 -0.163332
141.1 503.898 -93.1642 4.28815 0.687638
153.543 497.047 -92.513 3.52736 0.754264
180.467 510.472 -93.0773 5.09757 0.725404
190.553 507.701 -92.8355 4.98539 0.73545
201.905 505.542 -92.6329 4.97199 0.738513
524.716 504.18 -91.2171 10.5855 0.332446
671.176 505.91 -90.6333 12.9706 0.211516
856.793 502.588 -91.8723 14.9301 -0.305699
864.324 501.308 -91.9661 14.9596 -0.340268
934.517 508.786 -92.7082 15.2084 -0.421323
126.813 524.921 -94.0166 5.39924 0.718091
141.798 521.044 -93.7858 5.32607 0.72116
168.902 514.073 -93.317 5.19007 0.72714
528.265 515.516 -91.9374 10.8352 0.347523
629.368 518.875 -91.7548 12.3073 0.263429
172.655 539.774 -45.6609 -70.3067 24.8651
330.941 537.343 -93.9294 8.91387 0.431477
800.335 551.644 -92.9716 14.0397 0.12384
586.341 575.0 -94.1958 11.965 0.288947
842.298 582.237 -93.7948 14.0799 0.14203
357.641 614.21 -95.4838 10.4868 0.370956
737.681 626.73 -94.7532 13.0899 0.281967
797.404 632.182 -94.69 13.4763 0.272831
402.528 651.815 -95.7852 11.0423 0.36365
508.033 641.71 -95.4732 11.6214 0.336268
755.951 642.112 -94.9325 13.161 0.286
284.691 664.273 -96.0982 10.4545 0.40701
389.311 672.98 -96.0015 11.0892 0.357917
549.403 678.575 -95.7572 11.9462 0.328371
785.417 672.623 -95.2545 13.2334 0.287
689.722 742.289 -96.0115 12.6339 0.30046
806.089 28.6783 -89.9464 13.9995 -6.84475
804.151 46.0002 -89.8039 14.0382 -6.72718
85.2899 104.228 -86.864 -7.23726 -11.0809
86.4437 130.155 -86.9708 -7.12896 -10.2167
106.469 138.926 -86.7904 -6.39442 -9.98328
144.026 137.561 -85.3785 -6.70154 -10.8817
110.355 148.664 -86.6849 -6.43626 -9.74037
103.26 155.727 -86.8043 -6.66029 -9.46301
127.171 151.535 -86.3761 -6.10724 -9.79041
112.446 189.182 -86.7292 -6.47472 -8.42741
130.463 184.171 -86.3855 -6.08777 -8.71557
661.867 188.842 -86.0568 12.2072 -6.90546
673.573 184.862 -87.2138 12.4856 -6.33673
97.8064 194.277 -86.892 -7.02728 -8.24028
1003.96 204.011 -92.7833 15.1122 -3.14891
47.9214 209.79 -82.626 -18.7446 -10.7575
143.907 219.412 -86.246 -5.7664 -7.60528
642.234 214.56 -85.0408 11.8037 -6.77655
111.633 225.933 -86.863 -6.51175 -7.19085
146.542 231.708 -86.1849 -5.79787 -7.2091
200.031 229.375 -82.7986 -7.61757 -8.81181
632.981 246.8 -21.5171 8.9437 -30.3235
656.59 247.051 -86.0495 12.2911 -5.5319
17.5555 260.735 -91.1698 -2.68565 -4.2814
51.245 271.584 -90.3094 -3.16938 -4.35295
244.261 264.189 -79.5862 -8.65583 -8.60846
605.107 260.158 -82.0071 10.588 -6.76205
88.6528 276.226 -89.9186 -2.40563 -4.30084
779.046 279.048 -89.8359 14.2001 -3.51802
807.441 284.926 -90.6871 14.3469 -3.15474
169.54 289.184 -86.1361 -4.95471 -5.20805
206.664 298.333 -84.8513 -4.76488 -5.22584
308.617 288.277 -80.1009 -4.09895 -7.00387
614.798 291.339 -82.8169 11.0827 -5.49794
847.421 300.819 -91.3012 14.6401 -2.7664
349.845 315.939 -66.0594 -12.8459 -9.30043
674.36 320.157 -87.8072 12.7785 -3.42033
21.3824 328.51 -91.928 -1.21753 -2.52133
271.62 326.747 -82.288 -4.26113 -4.74449
580.567 319.996 -77.7665 9.27322 -5.77451
635.733 323.462 -85.0086 11.9313 -3.96535
679.599 334.919 -87.8811 12.9206 -3.1303
823.147 332.005 -91.1928 14.4744 -2.4219
839.892 327.172 -91.1748 14.658 -2.48716
891.304 334.202 -91.8914 14.9045 -2.24932
914.13 328.184 -92.1776 14.9638 -2.2524
920.904 335.085 -92.3116 14.9663 -2.16344
199.689 346.016 -85.7607 -4.1457 -3.24424
314.439 342.888 -79.48 -4.322 -4.54929
322.691 340.052 -79.0753 -4.25093 -4.74586
384.579 343.898 -66.3622 -9.05879 -6.83382
560.741 342.332 -72.8555 7.4885 -5.73851
601.872 344.276 -81.7314 10.7236 -4.00564
612.526 342.303 -83.5444 11.2246 -3.73529
626.815 347.355 -22.8608 9.48057 -14.0737
667.795 349.487 -87.8218 12.7256 -2.76394
829.789 337.451 -91.1873 14.5611 -2.35911
847.003 340.713 -91.2755 14.7244 -2.29461
856.044 342.587 -91.3066 14.822 -2.26855
874.003 337.45 -70.8361 23.7042 -6.38455
890.054 350.055 -71.4889 24.2324 -5.61539
926.595 345.436 -92.3924 14.9922 -2.03512
183.469 364.883 -86.7 -3.73385 -2.397
657.549 364.986 -86.4672 12.6146 -2.6262
118.842 380.742 -89.2794 -2.77654 -1.60502
564.817 378.083 -73.9797 8.07342 -3.57492
580.815 370.325 -77.9475 9.49406 -3.53642
611.447 370.681 -83.4566 11.296 -2.79671
697.399 371.557 -87.7674 13.4109 -2.31583
776.95 369.417 -89.7536 14.3759 -2.10853
807.373 371.353 -90.9056 14.4662 -1.95693
56.0856 385.471 -91.3531 -1.50912 -1.30763
57.1072 408.143 -91.406 -1.48432 -0.774165
75.4519 412.109 -90.962 -1.67178 -0.676355
366.461 413.139 -87.6104 4.76977 -1.05408
506.302 414.706 -9.77273 -15.7909 -2.14889
881.026 406.499 -91.906 14.9492 -1.4497
202.469 430.386 -91.9771 4.23421 -0.550224
211.456 419.968 -91.7936 4.22939 -0.739089
471.652 427.253 -31.4724 -15.164 0.477494
517.745 425.279 -39.7366 -4.37169 -0.411166
701.492 423.927 -87.6535 13.6625 -1.21046
796.395 415.913 -90.6444 14.5215 -1.34999
982.263 421.569 -91.0113 16.4643 -1.36057
34.5529 442.534 -92.0512 -1.12113 0.028705
132.413 440.377 -89.536 -2.06669 0.13937
162.512 442.004 -89.6494 -0.584675 0.0835118
384.783 444.553 -86.3891 4.54004 -0.0755937
763.846 435.541 -89.9875 14.3121 -1.03081
793.524 446.722 -90.804 14.4997 -0.906755
116.773 456.691 -90.3996 -1.20837 0.467378
158.061 451.136 -89.911 -0.415158 0.315697
790.946 459.118 -90.7681 14.5116 -0.726373
800.185 463.335 -90.8424 14.6141 -0.670847
920.625 461.769 -92.5008 15.1202 -0.868339
146.797 478.461 -91.545 1.75214 0.680969
595.938 478.337 -88.6868 11.5206 0.111284
758.294 479.36 -89.9327 14.3476 -0.294472
911.201 468.692 -92.4209 15.0975 -0.787876
927.051 470.463 -92.5757 15.146 -0.788754
195.234 480.475 -92.2874 4.3681 0.380536
835.429 487.664 -91.5504 14.8059 -0.430863
488.413 496.582 -90.8126 9.7744 0.355571
795.47 504.993 -90.8328 14.6611 -0.0485977
649.877 520.435 -91.8563 12.5821 0.225368
982.581 525.295 -93.1062 15.3526 -0.366612
110.323 538.612 -95.2073 7.30313 0.329409
158.786 536.939 -94.2327 6.40636 0.700053
533.382 535.776 -93.1149 11.201 0.3087
679.987 529.462 -92.446 12.912 0.170063
146.35 549.761 -94.7288 6.99571 0.643814
592.761 556.668 -93.6929 11.9779 0.275958
730.78 560.364 -93.4062 13.3012 0.195989
235.036 606.705 -70.2757 -23.675 18.3495
822.355 621.64 -94.611 13.64 0.201331
398.282 643.17 -95.7257 10.9727 0.356152
624.042 685.456 -95.7019 12.3414 0.302817
295.901 715.092 -96.414 10.8469 0.384083
932.608 707.217 -95.459 13.7931 0.205065
223.083 741.529 -96.6468 10.6713 0.395881
473.488 761.075 -96.3891 11.755 0.353603
671.94 865.74 -96.574 12.5198 0.321334
850.949 46.371 -90.8349 14.3269 -5.9065
695.722 73.2141 -87.9155 12.6488 -7.93163
711.204 84.6009 -87.7915 12.9629 -7.78277
78.6561 112.884 -87.1189 -7.15056 -10.6547
76.3585 124.244 -87.0549 -7.42352 -10.4225
94.8768 113.107 -86.9453 -6.56001 -10.6853
92.8395 146.534 -86.9705 -6.8576 -9.69493
136.555 158.242 -86.1414 -6.02671 -9.67161
97.0157 166.662 -86.918 -6.86057 -9.09551
135.414 171.944 -86.2121 -6.03533 -9.2165
36.4083 209.846 -83.3975 -18.0833 -10.3506
94.1897 221.638 -87.1267 -6.95942 -7.25183
177.719 221.856 -80.9206 -11.6431 -10.2932
962.484 208.801 -90.4862 16.0174 -4.09176
58.5612 229.674 -82.3757 -18.4248 -9.90385
165.911 230.833 -80.9376 -12.5039 -9.99549
199.956 230.497 -82.7986 -7.61757 -8.81181
104.312 250.155 -87.0562 -6.70806 -6.31111
167.88 242.86 -84.4138 -7.34507 -7.61032
648.612 241.801 -86.2034 12.0739 -5.63797
900.285 243.09 -91.9235 14.7946 -3.18754
822.2 266.965 -90.9751 14.3981 -3.28954
65.6995 275.553 -90.1668 -2.8767 -4.27955
110.267 289.093 -89.2433 -2.77455 -4.20827
346.607 293.83 -65.5253 -13.2844 -11.2528
985.041 298.246 -92.7203 15.1797 -2.39266
94.6333 304.461 -89.9682 -2.21788 -3.58252
122.713 305.675 -89.062 -2.63966 -3.77522
293.78 314.54 -79.2252 -5.95302 -6.01429
207.494 322.777 -84.9404 -4.71408 -4.3106
264.413 334.619 -83.1582 -3.7438 -4.16207
636.221 322.914 -85.0086 11.9313 -3.96535
725.866 323.951 -87.512 13.8667 -3.36373
50.9555 335.919 -91.135 -1.84092 -2.52738
345.518 342.606 -65.7375 -13.4863 -7.14375
358.935 344.811 -66.0913 -11.7428 -7.09639
52.724 362.862 -91.3515 -1.48902 -1.85246
128.819 354.082 -89.0005 -2.69447 -2.43893
350.682 366.47 -70.5331 -9.21496 -4.42027
607.847 352.539 -50.0879 8.62484 -8.64891
650.28 358.445 -86.3708 12.4108 -2.80413
739.832 361.811 -87.4612 14.2852 -2.58522
362.592 368.101 -68.7032 -9.4602 -4.51204
565.099 378.002 -73.9797 8.07342 -3.57492
798.131 382.97 -90.8569 14.3979 -1.80458
97.1284 398.403 -90.3311 -1.94803 -1.05258
122.338 392.627 -89.4295 -2.46803 -1.25167
761.233 385.669 -89.8057 14.1954 -1.85213
772.095 387.189 -89.8639 14.342 -1.82525
123.785 412.374 -89.501 -2.38288 -0.678617
412.117 413.063 -63.7357 -7.74973 -1.29896
552.551 407.5 -70.1682 6.71499 -2.04194
639.086 405.197 -86.1664 12.27 -1.64328
835.892 414.747 -91.2635 14.7741 -1.36229
848.322 408.868 -91.3526 14.8621 -1.45596
901.278 404.927 -92.1653 15.0077 -1.45951
403.309 427.76 -64.3789 -8.36683 0.306993
426.665 427.267 -59.8656 -8.38689 0.109654
561.554 418.364 -72.9071 7.87875 -1.41191
709.696 418.339 -87.6089 13.8125 -1.34672
359.382 435.747 -88.5753 5.25279 -0.432063
413.882 431.826 -68.3511 -4.92023 0.400473
519.556 442.321 -69.3638 4.33121 0.420689
550.824 446.073 -79.1792 8.57688 0.00969337
614.064 442.888 -84.1137 11.6263 -0.492671
687.561 432.65 -87.8068 13.3768 -0.987442
622.74 451.506 -84.8578 11.9441 -0.307499
671.128 457.92 -88.3693 13.0482 -0.456906
323.015 465.593 -90.7757 6.0028 0.0910366
367.608 465.844 -87.731 4.87324 0.47802
386.665 468.855 -86.9375 5.00628 0.646208
551.73 469.318 -84.9103 9.79626 0.4279
650.094 472.693 -87.5985 12.6952 -0.0183013
830.067 465.943 -91.2882 14.809 -0.700445
917.781 478.467 -92.5001 15.1347 -0.692559
619.362 492.638 -89.352 12.0768 0.260414
695.895 484.71 -89.0705 13.5118 0.0100385
742.958 490.404 -89.624 14.2176 -0.0469928
797.33 495.002 -90.8119 14.6697 -0.206632
877.732 498.478 -92.124 15.0126 -0.407548
901.345 498.99 -92.2927 15.1478 -0.454153
923.878 502.863 -92.624 15.176 -0.466602
991.675 519.88 -93.1586 15.3672 -0.42913
96.4445 560.623 -65.3716 -54.3481 20.0925
796.95 623.138 -94.6043 13.4969 0.2439
874.631 734.257 -95.6557 13.48 0.293526
645.612 741.346 -96.0839 12.4436 0.295443
661.822 830.299 -96.4645 12.4933 0.318039
673.56 829.525 -96.4351 12.5363 0.330712
851.874 30.2565 -90.9485 14.2757 -5.99755
813.161 74.3173 -90.3433 14.0839 -5.98466
749.348 91.3309 -87.6327 13.6774 -7.67224
767.58 80.3929 -87.5558 13.998 -7.85855
800.931 103.713 -89.9149 14.0871 -5.91875
123.895 121.929 -86.4828 -5.94357 -10.5957
698.059 115.436 -87.8234 12.7901 -7.24498
640.611 171.367 -84.9261 11.6388 -7.90847
613.691 237.626 -82.7014 10.947 -7.15946
943.37 226.303 -72.9164 24.5621 -10.7677
279.47 256.324 -78.7423 -7.27632 -9.09661
759.796 284.071 -89.6352 13.9602 -3.52667
273.437 289.827 -80.4698 -5.84864 -6.8623
366.02 300.543 -64.9442 -11.9518 -10.786
407.073 300.888 -57.398 -12.4744 -12.9002
771.111 291.18 -89.8368 14.1045 -3.33329
86.391 311.599 -90.0893 -2.31043 -3.33016
112.273 311.258 -89.1948 -2.90568 -3.62088
990.424 309.927 -92.7249 15.2333 -2.3032
218.383 320.326 -84.5421 -4.63495 -4.48214
407.037 325.419 -62.5085 -9.1742 -9.25814
566.256 326.693 -74.7327 8.07942 -6.17222
816.67 326.365 -91.1324 14.41 -2.50806
843.484 322.27 -91.169 14.6942 -2.55295
106.394 350.999 -89.78 -2.31072 -2.38777
409.715 350.16 -65.3545 -7.23559 -6.53837
686.285 349.501 -87.8316 13.1214 -2.76712
753.453 346.634 -88.9936 14.1451 -2.62932
149.234 361.19 -88.3238 -2.92183 -2.32867
567.414 351.466 -74.694 8.22009 -4.92593
617.36 360.293 -83.968 11.4597 -3.11124
699.036 360.58 -87.789 13.406 -2.55092
726.629 356.643 -88.0997 13.8833 -2.58868
409.28 372.571 -65.843 -6.95234 -4.59203
724.893 373.454 -87.5496 13.9998 -2.31787
239.767 386.892 -90.9687 4.03468 -1.44424
699.221 389.668 -87.7262 13.4994 -1.94309
67.9714 401.233 -91.0683 -1.70162 -0.955205
316.572 407.463 -90.6411 5.7656 -1.09404
572.405 401.359 -77.3329 9.16853 -2.11572
816.901 408.109 -91.1038 14.6009 -1.43762
986.654 402.093 -92.7404 15.3746 -1.47495
572.569 428.09 -76.8733 9.17428 -0.829066
586.402 431.783 -79.9675 10.2307 -0.713419
678.156 424.454 -87.6489 13.1603 -1.16786
892.42 417.272 -91.7138 15.1722 -1.34969
184.948 442.183 -92.2666 4.15157 -0.334616
601.829 431.552 -82.6639 11.0971 -0.827382
239.875 463.465 -92.2494 5.48742 -0.0272514
373.701 448.414 -87.1396 4.67359 0.00408751
659.976 459.17 -87.4644 12.8832 -0.351253
197.209 477.736 -92.4755 4.70566 0.286609
525.01 478.122 -86.8657 9.44084 0.5095
538.886 478.249 -40.7409 -0.190761 7.12074
670.779 474.253 -88.297 13.0828 -0.0551574
830.551 478.619 -91.4561 14.7817 -0.532009
887.688 474.752 -92.2004 15.0269 -0.70115
483.045 495.278 -90.8636 9.68599 0.329093
610.746 500.468 -88.523 11.862 0.581823
689.516 519.03 -91.8155 13.1004 0.150022
452.181 539.522 -93.544 10.3267 0.364184
511.623 774.769 -96.3953 11.9223 0.356357
990.421 169.69 -92.7181 15.0045 -3.44671
112.496 184.539 -86.7343 -6.46572 -8.5872
115.686 209.613 -86.7648 -6.44821 -7.76524
159.222 255.432 -85.2614 -6.66995 -6.78899
853.917 252.169 -91.3085 14.6041 -3.33644
276.777 291.493 -80.4698 -5.84864 -6.8623
249.923 317.896 -84.0013 -3.58076 -4.6475
590.896 308.896 -79.5627 9.96771 -5.78054
179.498 330.862 -86.2177 -4.50437 -3.72321
235.256 335.782 -84.102 -4.32019 -3.92802
285.103 324.274 -81.4146 -4.41376 -5.07181
633.968 338.493 -84.672 11.9276 -3.6223
842.628 348.349 -91.2445 14.7073 -2.21956
594.294 355.989 -5.76063 2.15677 -15.4722
823.586 363.821 -91.0801 14.5794 -2.04808
591.105 380.959 -25.9915 4.19623 -8.23658
640.376 380.807 -85.8674 12.229 -2.26821
655.402 380.305 -86.8635 12.5772 -2.25015
766.141 375.262 -89.7597 14.2518 -2.03664
368.178 398.873 -86.6585 4.13227 -1.49206
406.41 398.187 -66.0034 -6.98982 -2.42319
605.396 390.524 -82.5414 11.0629 -2.29312
939.54 397.033 -92.5994 15.0905 -1.51302
972.861 387.375 -92.7381 15.2442 -1.58825
969.881 414.029 -92.7052 15.2944 -1.36987
311.336 425.703 -91.1556 6.08638 -0.712801
632.764 435.866 -86.7656 12.2174 -0.838156
650.369 441.23 -86.9953 12.6348 -0.768048
913.259 437.195 -92.3774 15.0693 -1.12811
305.589 458.093 -91.2273 5.98762 -0.0926935
741.233 472.723 -89.4493 14.1826 -0.342024
723.892 480.527 -89.4715 13.9103 -0.196658
894.68 487.205 -92.4068 15.0008 -0.575151
329.269 287.859 -68.4449 -12.8118 -10.9765
805.165 297.24 -90.7236 14.3357 -2.98598
185.01 307.149 -85.837 -4.65186 -4.65977
762.643 308.827 -89.5824 14.0604 -3.15388
831.415 308.383 -91.2002 14.5139 -2.71095
329.5 348.302 -79.584 -3.34305 -4.25477
281.993 358.999 -83.6229 -2.36465 -3.08917
654.959 354.294 -86.9138 12.5099 -2.81144
786.78 359.729 -89.5544 14.5751 -2.31715
873.642 355.562 -91.524 14.9402 -2.07133
172.234 374.157 -90.1301 0.784659 -1.76397
333.147 393.189 -90.1137 5.8163 -1.40904
384.061 391.603 -81.4752 1.21477 -2.01016
226.508 407.825 -91.3146 4.0486 -0.97755
314.087 416.606 -90.549 5.62533 -0.968246
588.219 417.055 -80.2675 10.3013 -1.37621
702.986 417.135 -88.3531 13.5442 -1.40907
747.916 431.157 -89.6119 14.1496 -1.06268
809.492 429.421 -90.9727 14.6045 -1.1554
206.145 442.996 -92.1258 4.51226 -0.317942
293.639 440.856 -91.361 5.85258 -0.43091
257.038 446.866 -92.0601 5.71236 -0.333103
536.129 459.968 -84.3999 9.14373 0.206511
395.412 472.634 -86.7334 5.17264 0.74698
805.572 489.239 -91.0855 14.6541 -0.318333
956.311 480.327 -92.6705 15.3468 -0.707972
843.494 500.431 -91.7202 14.8728 -0.290099
940.542 495.928 -92.7337 15.2236 -0.557414
669.147 539.656 -90.5434 13.005 0.802369
975.687 205.258 -92.5312 15.0401 -3.27671
768.799 266.497 -89.7509 14.0591 -3.70002
247.968 272.23 -80.875 -7.08481 -7.63525
839.708 277.173 -91.1605 14.56 -3.09143
341.2 317.303 -66.5517 -13.262 -9.16719
903.951 327.897 -92.0258 14.9461 -2.28767
94.8145 358.995 -90.1584 -2.12976 -2.14077
148.465 371.72 -88.9639 -1.97475 -1.91815
529.927 417.71 -53.695 0.910333 -1.38163
220.785 494.853 -92.1427 4.82784 0.66957
478.935 508.277 -92.0322 10.0701 0.311619
786.458 129.053 -89.4834 14.0247 -5.83469
142.985 255.954 -86.1615 -6.2104 -6.45136
102.952 298.716 -89.4001 -2.85636 -3.9165
661.146 312.114 -87.742 12.5464 -3.53549
451.618 395.158 -20.9619 -24.1823 -5.54607
512.038 387.092 25.0959 -25.7951 -10.8981
174.073 490.773 -92.6527 4.35475 0.524491
909.116 511.848 -92.4687 15.1296 -0.333772
956.939 726.765 -95.5505 13.839 0.229111
116.521 128.159 -86.0303 -7.10978 -10.8502
783.443 190.604 -89.8556 14.0626 -4.77157
193.38 251.714 -82.4213 -8.66009 -8.09312
61.8242 266.648 -89.8173 -3.68731 -4.67114
879.396 372.212 -91.6132 14.9697 -1.8775
351.129 410.951 -89.2972 5.57976 -1.06343
710.033 467.264 -89.2454 13.6848 -0.342697
353.117 513.068 -92.9009 8.43422 0.39904
660.455 292.846 -86.3562 12.5119 -4.31385
177.403 186.034 -84.1164 -6.9042 -9.90685
287.874 303.142 -83.4949 -2.01971 -5.38072
735.222 529.218 -91.8633 13.6463 0.216993
260.85 410.577 -91.2833 4.93469 -0.954452
733.276 662.243 -95.1019 12.9994 0.383294
